100 253 1718

930 570 1180 400 660 360 580 970 1060 510 510 820 380 510 810 340 970 430 820 1290 360 270 1100 640 1030 890 830 830 210 700 970 670 570 440 670 340 1030 880 380 750 940 320 470 650 1030 670 380 360 590 1130 870 830 330 580 650 300 530 660 590 560 1070 270 770 560 810 500 320 890 1130 730 990 440 370 1040 620 980 300 1030 560 440 830 510 910 860 900 480 680 340 840 360 670 560 650 860 640 1300 870 760 560 350 

58 38 85 86 44 50 47 83 70 47 69 79 49 45 20 93 105 26 57 96 93 85 54 40 66 54 68 65 80 30 45 48 74 57 81 33 75 49 77 51 43 91 63 90 72 64 56 63 78 23 97 56 67 14 95 22 41 42 57 50 66 67 87 57 62 41 35 102 75 86 74 75 44 48 84 59 27 59 49 67 45 69 27 51 96 38 44 38 50 81 45 69 57 77 84 82 81 46 46 39 31 2 82 46 65 81 55 43 101 66 102 44 37 60 25 96 40 50 42 64 44 68 63 33 26 81 73 73 56 106 52 45 38 57 96 62 16 81 95 33 68 80 21 8 38 68 40 48 105 54 85 68 46 38 35 70 95 92 68 30 22 52 77 86 73 16 91 74 15 100 52 49 64 91 31 47 52 62 88 56 90 39 69 65 59 62 43 71 86 21 32 45 20 31 79 83 93 77 27 101 67 47 27 55 61 44 41 44 85 27 59 19 91 51 31 34 27 27 78 20 89 76 69 33 56 5 30 73 49 22 43 56 47 90 77 13 19 13 54 93 64 47 72 62 87 35 96 32 44 72 55 48 56 
21 29 37 40 23 29 29 45 46 11 43 32 46 53 30 44 58 27 50 51 50 48 33 26 26 27 24 17 41 50 29 61 41 9 56 31 27 22 39 54 57 61 14 48 41 45 41 56 29 41 61 54 29 38 64 31 61 69 17 59 28 28 37 33 15 27 22 56 47 42 25 29 19 16 35 35 46 51 15 23 14 39 59 47 47 67 38 57 14 42 62 43 38 29 40 50 31 25 30 64 19 50 33 40 45 41 40 31 55 43 52 27 29 38 53 61 18 36 52 41 11 41 32 28 37 45 43 23 41 62 40 26 42 52 61 24 48 57 63 19 39 45 45 43 18 19 23 19 59 57 39 21 62 26 14 21 50 44 48 34 28 52 30 59 45 41 54 52 49 51 50 60 31 43 33 15 35 36 52 6 57 46 19 16 26 35 52 21 44 35 45 54 55 52 44 43 43 35 22 52 20 14 50 26 22 6 29 22 37 52 20 55 42 64 39 41 54 35 38 48 40 28 22 43 14 49 19 47 60 29 36 12 37 41 30 40 30 37 27 47 45 42 23 42 45 65 48 22 38 30 21 72 54 
44 60 8 16 57 52 60 35 53 43 60 15 77 87 70 20 33 65 78 36 39 51 53 61 31 47 33 30 43 83 62 95 41 32 56 68 15 52 34 78 86 53 26 27 43 68 68 72 17 80 45 76 43 77 53 69 91 100 36 85 43 33 7 58 31 62 57 35 49 34 20 18 49 45 14 50 80 69 43 34 46 54 94 78 16 100 65 89 41 45 90 61 64 23 35 46 9 57 62 96 58 89 11 65 67 30 68 64 34 64 20 55 61 61 88 48 52 59 87 62 46 49 42 62 76 39 57 20 68 42 69 54 77 80 48 35 88 58 52 58 56 51 84 82 56 21 59 47 38 79 18 22 90 63 54 19 21 7 59 72 67 83 26 56 48 79 39 58 86 14 80 86 49 8 67 45 63 48 40 34 48 76 21 25 48 56 80 20 25 73 78 88 92 90 51 32 6 26 62 19 29 48 84 45 34 45 59 56 21 90 35 91 8 97 76 73 92 74 40 84 12 14 29 75 40 88 59 52 87 69 64 38 69 3 25 80 70 76 47 17 67 67 24 56 26 99 10 62 65 28 41 102 83 
69 39 42 34 72 28 78 16 8 40 91 36 94 100 66 69 83 53 99 83 84 91 24 74 25 25 65 57 82 55 78 107 10 44 7 77 41 71 16 39 51 14 44 28 9 95 91 28 57 83 22 35 75 64 18 56 57 66 32 46 74 23 54 82 56 75 45 84 3 78 55 34 37 36 59 19 55 26 36 65 40 86 67 96 66 68 35 56 36 84 54 91 87 62 77 6 50 74 79 63 55 77 55 33 94 20 90 79 83 92 70 34 40 87 63 19 42 28 99 90 43 9 18 45 79 12 90 54 91 91 89 33 88 101 19 26 85 8 17 62 87 89 85 70 65 45 71 34 87 39 33 38 53 74 54 42 37 46 13 78 60 101 65 9 5 62 19 9 67 64 98 47 78 44 47 37 84 16 16 49 13 45 48 50 74 84 46 50 26 57 51 101 69 95 88 19 56 24 59 69 59 64 58 25 28 48 37 71 66 93 29 69 58 110 83 46 95 78 79 63 60 40 61 48 62 73 57 5 48 68 35 59 86 48 64 76 64 65 25 38 94 34 58 16 26 68 48 67 35 24 29 66 102 
64 62 20 14 74 51 79 20 42 51 83 21 97 105 81 45 56 72 99 61 64 76 50 78 31 46 55 50 67 83 81 113 30 45 40 84 28 71 24 72 83 33 40 9 32 90 89 63 40 94 22 69 66 84 32 76 89 98 41 80 66 31 32 79 50 79 63 59 36 59 42 24 53 50 39 45 82 60 49 56 52 78 95 98 39 99 63 87 47 69 87 84 85 47 60 30 31 76 80 94 68 97 35 62 89 18 88 82 58 86 41 56 63 83 90 26 58 56 105 85 54 39 37 66 90 24 80 41 89 66 89 55 95 101 26 36 100 42 31 72 79 76 98 90 71 37 75 50 61 73 14 33 86 79 65 33 4 18 48 87 76 103 50 38 36 84 19 44 91 34 100 81 71 17 70 51 83 42 21 49 28 74 39 43 69 78 77 39 12 78 78 106 95 105 75 18 29 21 72 41 50 65 85 44 36 56 60 74 46 105 39 95 33 116 92 73 107 88 65 88 37 27 51 75 59 95 70 39 82 81 63 56 88 22 49 91 80 85 46 8 89 64 46 48 11 98 17 76 63 26 43 99 103 
58 50 19 10 66 39 71 9 31 40 79 16 89 97 70 46 60 61 92 62 64 74 37 70 20 34 51 44 65 71 73 105 18 36 31 75 23 64 12 61 71 26 33 4 21 85 83 51 38 85 20 57 61 73 27 64 77 86 30 68 61 19 32 73 44 71 51 62 25 58 38 17 42 39 38 33 70 49 38 51 41 73 83 91 42 87 51 75 36 67 75 79 79 44 59 20 29 68 73 82 57 86 34 50 84 6 82 74 61 81 46 44 51 77 78 22 47 44 97 79 43 27 25 54 80 13 77 37 83 69 82 43 86 94 22 25 90 32 26 62 74 73 88 79 62 31 67 39 64 61 9 25 74 70 55 27 12 22 37 78 65 95 48 30 25 73 13 34 79 39 93 69 66 19 58 40 77 30 13 40 21 62 33 37 64 73 65 34 1 67 66 98 83 96 72 6 32 10 62 45 45 57 73 32 25 46 48 66 45 95 28 83 35 108 83 61 97 79 62 76 38 22 46 63 52 83 60 28 70 71 50 49 81 24 46 81 69 73 34 12 84 51 42 36 1 86 22 66 51 15 32 87 96 
72 60 31 22 81 49 86 16 35 53 93 30 103 111 83 57 69 72 107 73 76 87 46 84 33 44 64 58 78 80 87 119 25 50 30 89 37 78 21 66 78 21 47 11 27 99 97 55 51 98 9 62 75 84 19 76 83 93 43 73 75 32 44 87 58 85 63 72 29 71 51 31 54 51 50 41 79 53 51 65 54 87 92 105 52 94 59 82 49 80 81 93 93 58 71 21 42 82 87 89 70 97 47 58 98 17 96 88 71 95 54 55 62 91 87 13 59 52 111 93 56 33 35 66 94 18 90 51 97 79 96 54 100 109 13 37 102 31 18 75 88 86 101 90 76 45 81 51 74 66 22 39 80 84 68 41 17 31 40 92 77 110 61 26 29 83 8 35 90 47 107 74 80 29 68 52 91 38 11 54 16 70 47 51 78 87 72 48 15 78 75 112 93 109 86 16 42 23 75 54 59 71 82 43 38 60 58 80 57 109 40 93 45 122 96 70 110 92 76 86 49 35 60 72 66 95 73 32 75 84 59 63 95 34 59 93 81 85 44 20 98 59 55 42 14 94 30 80 59 28 43 93 111 
64 16 68 65 57 23 63 55 37 35 84 61 74 75 36 87 101 24 81 96 95 93 24 57 45 29 69 62 86 10 62 80 45 48 47 54 61 60 50 14 12 58 53 66 43 82 76 25 71 53 67 18 73 27 62 23 16 25 39 15 72 44 76 71 60 58 24 100 43 87 67 57 28 32 76 29 11 22 33 68 33 81 22 76 87 25 11 13 35 87 16 84 74 73 86 50 69 59 63 21 33 36 73 12 83 56 75 61 99 82 93 21 16 76 18 64 27 18 72 81 34 37 37 18 52 52 85 66 76 106 72 22 64 82 64 40 51 46 62 43 81 89 53 31 48 58 54 29 103 17 64 54 17 54 36 57 73 75 33 53 30 79 74 52 41 22 62 40 24 89 78 15 74 74 13 32 70 32 59 50 58 1 60 58 68 76 7 62 62 21 6 75 24 64 88 56 80 54 34 92 65 54 13 31 41 39 17 57 80 61 40 25 80 83 57 5 62 51 83 19 80 61 67 4 59 33 36 40 16 40 12 57 68 75 74 42 33 30 29 72 83 11 67 28 63 25 79 45 11 49 34 28 82 
66 37 40 32 69 25 75 15 7 37 88 34 91 97 63 66 81 51 96 81 82 88 21 71 22 23 62 54 79 54 75 104 7 41 10 74 38 68 14 39 50 16 41 27 6 91 87 28 54 80 23 34 72 61 20 54 56 65 29 46 71 20 52 79 53 72 42 82 1 75 52 31 34 33 56 16 54 26 33 62 37 83 66 93 64 67 33 55 33 81 53 88 84 59 75 7 47 71 76 62 52 74 52 32 91 18 87 76 81 89 68 32 38 84 61 21 39 26 96 87 40 7 15 43 76 11 87 51 87 89 86 31 85 98 21 23 82 11 20 59 84 86 82 68 62 42 68 31 85 38 31 35 53 70 51 39 36 44 13 75 57 98 62 13 2 60 19 10 65 62 95 47 75 42 44 34 81 14 16 45 15 43 45 47 71 81 45 47 25 55 49 98 67 92 85 18 54 22 56 67 56 61 56 22 25 45 34 68 63 91 26 67 55 107 80 44 92 75 76 61 58 37 58 46 59 71 55 4 48 65 34 56 83 46 61 73 61 63 23 36 91 32 55 15 25 67 46 64 33 21 26 65 99 
14 62 56 63 21 64 17 75 81 46 8 56 27 38 47 43 49 54 26 37 33 21 68 24 58 62 21 27 19 78 20 45 73 39 90 32 49 17 70 88 88 93 40 74 74 14 16 90 37 44 90 88 11 59 95 56 91 97 51 91 11 60 48 9 27 23 53 44 81 28 35 55 53 51 41 70 74 85 50 21 48 5 84 27 50 94 72 87 49 18 92 8 12 31 26 83 45 19 19 93 44 66 43 73 13 70 16 22 44 10 53 61 61 8 79 92 51 70 40 8 45 76 66 58 40 77 9 35 16 46 19 61 33 28 92 57 54 91 94 35 4 16 48 62 29 41 25 54 47 90 64 47 93 27 40 44 72 60 83 36 50 32 28 92 78 65 83 87 71 56 29 92 5 61 63 50 14 70 82 35 89 77 38 34 9 3 84 37 70 61 75 39 78 47 15 72 53 64 44 53 27 23 77 61 55 39 62 21 36 50 54 78 50 47 36 72 52 38 18 73 45 50 26 74 21 66 42 81 92 43 70 24 21 57 29 51 49 57 62 68 13 76 30 77 72 92 64 34 72 61 56 102 31 
73 32 85 83 63 41 68 74 56 49 90 78 74 72 37 101 115 30 82 108 106 102 43 60 63 47 80 74 96 9 65 76 64 62 66 55 77 66 69 28 17 77 68 84 62 86 79 42 85 49 86 34 82 25 81 27 13 14 55 24 81 62 91 77 72 61 36 113 62 98 81 74 43 47 91 48 11 40 48 79 47 88 3 76 102 11 30 11 51 96 17 89 78 86 97 70 85 64 67 11 40 26 88 31 87 74 78 64 112 87 108 37 31 81 4 83 40 37 69 85 47 56 55 30 50 71 92 80 79 119 75 38 63 82 83 58 44 65 81 48 87 98 48 25 54 72 59 45 116 31 82 69 19 58 45 73 91 92 52 53 33 78 87 71 60 19 81 58 14 105 78 23 82 91 25 47 74 51 78 62 77 19 74 72 76 82 19 77 81 23 14 72 9 59 96 75 96 72 39 107 77 62 8 49 58 51 33 62 93 55 57 9 96 79 56 19 55 51 93 11 95 77 79 17 69 23 42 59 23 41 30 67 70 91 87 38 34 28 47 90 86 30 80 48 81 9 96 49 30 67 51 20 82 
49 28 30 25 53 17 59 17 18 22 71 23 75 82 50 53 68 40 80 66 67 72 16 55 7 12 46 38 63 49 59 89 11 25 26 59 25 51 12 41 50 31 25 26 11 75 71 35 40 66 33 38 55 51 34 43 56 65 13 48 54 5 40 63 37 56 30 68 17 60 37 19 21 19 43 13 48 31 18 46 22 67 61 77 52 66 29 53 18 65 54 72 68 44 59 20 34 55 60 61 38 65 39 29 74 16 70 60 68 73 57 22 29 67 56 33 26 22 81 71 25 13 4 33 62 16 71 36 71 76 70 21 70 82 33 6 70 27 33 45 67 70 69 58 46 27 52 18 72 42 24 20 54 55 36 24 33 36 22 61 45 82 47 29 15 51 26 24 57 52 79 49 59 34 36 20 65 11 24 29 28 41 30 31 55 64 44 32 22 45 44 82 61 78 69 17 43 14 42 56 40 44 51 10 8 29 26 52 49 77 10 61 44 92 66 39 79 61 60 54 45 24 42 41 42 62 41 18 50 52 29 39 67 36 46 61 49 52 12 31 75 30 40 19 23 65 39 49 29 9 11 66 83 
70 27 81 78 60 36 65 69 51 45 87 74 73 72 35 97 111 27 81 104 103 99 38 58 58 42 76 70 92 4 63 76 59 58 61 54 72 64 64 24 14 72 63 79 57 84 77 38 81 49 81 29 79 23 76 24 12 16 51 21 78 57 87 74 68 59 31 109 57 95 77 70 38 42 86 43 7 35 44 76 42 86 8 75 98 14 25 8 46 93 16 87 76 82 93 65 80 62 65 12 37 28 83 26 85 69 76 63 108 85 103 33 26 79 5 78 36 32 69 83 43 51 50 26 49 66 90 75 77 115 73 34 63 81 78 53 45 60 76 46 85 95 48 25 51 68 56 40 112 27 77 65 17 56 41 68 86 88 47 52 31 78 83 66 55 17 76 53 15 100 77 20 79 86 20 42 72 46 73 58 72 14 70 67 73 79 15 72 76 20 9 72 11 59 93 70 92 67 37 103 73 59 4 44 53 47 28 59 89 56 52 12 91 79 55 14 56 50 89 10 91 73 75 12 65 24 39 54 20 40 25 64 69 87 83 38 33 26 42 85 85 25 76 43 76 12 91 47 25 62 46 21 81 
55 77 98 104 43 86 39 110 107 72 46 96 22 12 49 91 97 62 23 85 80 65 90 39 91 87 66 69 67 80 37 4 104 73 118 35 89 46 104 98 93 125 77 113 104 36 32 107 82 32 126 102 58 58 128 62 92 94 81 99 57 93 93 41 68 38 69 92 109 76 79 93 75 76 87 94 76 103 76 65 72 50 79 21 97 90 86 88 76 65 96 45 36 77 74 114 89 42 37 91 58 54 88 88 38 106 32 35 92 41 101 80 76 40 76 126 70 89 13 41 69 103 94 71 34 110 51 78 32 93 30 80 23 21 126 88 36 118 127 49 48 61 32 55 47 80 42 78 94 102 103 85 97 39 58 84 113 104 107 34 56 16 75 121 107 64 119 112 66 103 19 99 52 104 73 74 35 96 117 69 121 86 79 74 51 45 91 79 108 64 80 11 72 21 60 108 99 100 54 100 70 52 78 87 86 65 79 43 83 25 84 71 96 1 29 80 25 34 66 70 92 90 70 80 59 57 55 108 98 46 84 61 30 101 76 43 52 55 87 110 37 90 75 100 110 87 108 45 86 95 83 100 18 
58 18 47 42 57 9 63 30 14 26 80 40 78 83 46 69 84 33 84 81 81 84 4 59 23 10 58 50 76 35 63 90 20 35 25 60 41 57 26 24 34 35 38 41 18 82 76 19 55 64 42 21 66 43 39 35 39 49 22 31 64 22 57 69 49 59 25 84 18 74 52 36 20 21 59 4 35 15 22 58 24 76 47 80 69 50 14 37 23 77 37 80 74 59 73 26 50 59 64 45 36 56 55 13 81 31 76 64 83 80 74 14 20 74 42 40 24 7 81 78 27 12 13 25 61 27 80 51 76 91 74 14 71 86 40 20 65 25 38 45 76 81 65 49 49 41 55 18 87 25 41 35 37 57 36 40 49 53 13 60 40 85 61 29 17 41 37 18 46 69 83 32 68 51 26 22 70 7 34 39 34 25 44 44 63 72 28 47 38 36 30 83 48 76 80 32 60 30 40 73 52 50 37 12 22 33 16 56 64 74 21 48 61 93 65 25 75 60 73 42 62 41 55 27 51 52 39 16 33 49 15 48 71 53 60 56 44 45 10 48 81 14 53 6 38 49 56 49 14 27 17 49 87 
48 76 27 35 63 70 65 53 72 58 58 34 80 91 82 11 16 79 79 24 28 44 71 68 50 65 36 37 37 99 68 98 60 46 75 76 32 58 53 96 104 71 40 44 62 68 70 91 24 89 62 94 44 90 71 83 108 117 53 103 45 51 16 60 39 68 72 20 68 27 28 37 65 61 17 69 96 87 59 37 61 53 110 81 5 117 82 105 57 39 108 59 65 26 29 64 23 63 67 113 71 102 20 82 66 49 70 70 19 63 1 71 77 62 104 65 67 77 92 62 60 67 60 77 84 57 54 29 70 26 72 70 83 82 65 53 97 76 70 69 55 46 93 95 65 35 66 63 21 98 36 39 108 70 66 35 36 23 77 80 80 85 27 74 67 93 57 77 101 6 82 104 50 25 83 61 66 67 58 46 66 93 34 37 51 57 98 31 44 87 94 92 107 96 46 50 13 45 74 1 35 56 100 62 52 58 75 63 18 98 53 106 12 100 83 89 100 82 37 99 13 32 34 92 47 101 71 70 104 80 81 46 73 21 26 91 82 89 65 34 67 85 30 75 44 115 23 71 82 47 58 120 85 
58 20 73 71 48 31 53 65 50 35 75 66 62 61 24 86 100 16 69 93 91 87 34 46 51 36 65 59 81 10 51 66 55 48 60 42 64 52 59 30 23 71 54 74 54 72 65 41 71 38 78 34 67 12 75 12 23 28 43 29 66 51 78 62 57 47 22 98 55 84 67 62 30 34 76 40 6 37 35 64 33 74 16 64 89 26 23 19 37 82 26 75 64 71 82 62 71 50 53 24 25 21 74 25 73 64 64 51 97 73 94 26 19 67 11 76 27 29 58 71 33 49 45 16 38 62 78 65 65 104 61 27 51 70 76 46 35 60 75 34 73 83 38 16 39 59 44 32 102 33 70 56 27 44 30 59 80 80 47 40 19 66 72 65 53 6 73 53 9 91 65 29 67 78 12 33 60 42 70 48 70 17 60 57 61 67 21 63 70 8 10 61 13 49 82 65 83 61 25 93 62 47 9 38 46 36 22 47 79 46 44 13 82 69 44 12 46 38 78 6 81 64 64 11 54 17 27 52 28 28 22 52 57 79 72 27 21 15 36 78 72 25 66 41 71 23 84 35 23 56 39 33 69 
48 7 58 57 41 19 47 52 39 21 67 52 58 60 22 73 87 9 65 81 79 77 22 40 37 23 53 47 70 20 45 66 43 34 50 38 49 43 46 29 29 60 40 60 41 66 59 36 57 39 66 31 57 17 64 10 32 39 28 32 56 37 64 55 45 41 8 85 44 71 53 48 15 20 63 28 17 32 21 52 19 65 30 60 75 38 15 28 23 71 33 67 58 58 70 51 57 43 46 35 16 30 60 17 66 51 58 45 85 66 80 13 6 59 24 64 13 19 58 64 19 37 32 2 37 50 69 52 59 91 56 14 49 66 64 32 40 50 64 26 64 73 40 24 32 45 37 18 89 32 56 42 33 38 19 45 66 66 37 38 15 64 59 55 42 16 60 44 23 77 62 32 57 64 4 19 53 30 57 35 59 18 46 44 51 59 24 49 56 11 16 61 28 51 72 52 69 47 18 79 50 37 20 25 32 23 9 40 66 49 30 27 68 70 43 12 50 37 67 20 67 50 52 14 42 28 19 42 32 25 13 41 52 64 60 31 19 19 23 64 66 19 53 31 57 36 69 29 15 42 25 43 66 
56 9 54 51 52 9 58 41 25 24 77 47 72 75 37 74 88 23 78 84 83 84 10 52 30 14 58 51 76 24 57 81 31 36 36 52 47 53 36 19 25 47 40 51 29 77 71 22 58 54 54 19 64 32 51 25 30 39 25 25 63 30 62 65 49 53 17 87 30 75 55 43 16 20 63 15 23 17 21 58 22 74 36 74 74 40 4 28 23 77 29 77 69 61 74 38 55 54 58 35 29 44 59 4 77 41 70 57 87 76 79 9 10 70 31 52 18 4 73 74 24 24 22 15 52 38 78 53 71 94 68 9 63 79 52 26 55 36 50 38 73 80 55 38 43 45 49 17 91 22 49 40 29 51 30 44 58 61 23 52 30 77 63 41 28 29 49 29 34 75 76 25 66 59 14 20 65 18 46 38 46 15 47 46 60 69 19 50 48 25 19 75 36 66 79 42 66 39 32 78 53 46 26 17 27 30 7 51 67 64 26 37 66 84 57 14 65 51 72 30 67 47 56 16 49 41 32 28 26 40 3 47 65 60 62 46 34 34 14 57 77 7 55 17 48 39 64 42 4 35 20 41 80 
51 34 78 79 37 45 40 77 66 41 62 72 44 41 12 85 97 20 51 88 85 77 49 33 60 49 61 57 73 31 38 45 69 50 77 26 68 42 71 51 44 87 56 84 68 57 49 61 70 18 92 55 59 10 91 17 43 45 50 50 58 61 80 50 55 34 30 94 70 78 66 69 39 42 76 55 27 57 42 60 39 62 31 46 89 42 41 39 44 73 46 62 50 69 76 77 73 38 39 42 24 9 75 43 58 75 49 36 94 59 94 39 33 53 27 91 34 46 38 58 37 64 58 28 20 76 66 65 49 99 45 40 33 52 91 56 14 77 90 26 61 73 17 6 30 61 33 42 98 54 78 61 48 30 28 63 89 85 64 23 15 47 69 82 69 15 86 71 17 93 47 50 57 84 28 41 46 57 83 48 85 38 61 58 52 55 42 64 80 17 31 41 24 28 72 77 85 71 20 93 59 40 28 50 55 37 36 36 77 25 53 23 84 48 26 32 25 21 70 21 81 69 61 32 48 9 23 69 49 15 40 48 41 83 70 7 12 8 49 86 58 44 64 58 81 39 89 24 41 66 49 51 51 
37 17 56 57 29 26 35 55 47 18 55 50 47 49 13 66 80 6 53 72 70 66 30 28 38 28 44 39 60 30 33 56 47 29 58 27 46 31 49 41 40 67 35 62 46 54 47 48 51 30 70 43 46 16 70 9 42 49 28 44 45 39 59 43 36 29 9 77 50 62 47 46 17 19 57 35 26 43 20 43 16 53 38 49 69 47 26 38 22 60 44 55 46 51 61 56 52 31 34 45 4 29 54 29 54 53 46 33 77 54 74 19 16 48 32 70 12 29 47 52 15 44 37 11 27 54 57 45 47 83 44 20 38 54 70 33 32 58 70 14 52 62 32 22 20 40 25 20 81 44 56 39 45 26 8 41 66 63 46 27 7 52 51 62 48 19 64 52 27 72 51 44 46 62 15 18 41 37 61 28 64 30 41 37 40 47 36 43 58 14 26 50 33 42 61 55 64 48 6 73 41 26 29 29 33 16 18 28 59 40 30 33 63 59 32 24 42 26 57 26 61 47 43 25 33 27 7 49 44 15 25 31 40 61 52 23 11 16 28 64 54 30 45 40 59 45 67 17 26 43 27 53 55 
38 51 78 82 23 60 22 86 81 47 41 74 17 15 24 76 85 37 25 74 71 59 65 18 67 61 50 50 57 56 19 21 80 51 92 11 68 28 80 74 69 100 55 90 79 33 26 82 64 9 102 77 44 34 103 37 69 72 57 74 43 69 75 30 49 18 43 81 84 65 60 71 50 51 70 69 52 77 51 49 47 43 57 19 81 68 61 65 52 56 72 40 28 60 63 89 70 23 20 69 32 34 70 63 35 83 25 17 81 37 86 54 50 32 53 102 45 64 13 36 45 78 69 45 8 86 45 60 26 84 21 55 6 25 102 64 17 93 103 25 41 54 11 33 24 60 21 53 84 77 81 63 73 17 33 63 92 84 81 8 30 21 59 96 82 40 95 87 44 87 21 74 40 84 48 50 24 71 93 47 97 61 59 54 36 35 66 60 86 39 55 15 50 10 53 85 81 77 29 85 52 31 54 62 62 40 53 23 68 12 60 49 78 24 4 55 14 9 55 47 75 69 52 56 40 36 29 83 74 20 59 41 17 81 60 19 27 31 61 89 34 65 57 74 87 66 88 21 61 72 59 78 24 
68 33 86 84 56 44 60 78 61 48 83 79 65 63 30 98 112 27 73 104 102 96 47 53 64 49 76 71 91 15 58 66 68 60 72 47 76 60 72 37 27 83 66 87 66 78 71 50 83 40 90 42 77 18 87 23 24 24 56 34 76 64 90 70 69 54 34 109 67 94 79 75 43 47 89 52 14 47 48 75 46 82 9 67 101 20 34 21 50 91 28 82 71 83 93 74 83 58 59 21 36 16 86 36 79 77 70 57 109 80 106 39 32 74 8 88 39 41 60 78 46 61 58 29 41 75 86 77 71 115 67 40 54 73 88 59 34 71 87 42 81 92 38 16 48 71 52 45 113 40 83 69 29 50 40 72 93 93 58 45 28 69 84 77 65 13 85 64 6 104 69 33 76 91 25 46 66 55 82 60 82 26 72 69 70 75 28 75 83 19 19 63 2 49 91 78 96 74 34 105 74 57 12 51 59 48 35 55 91 45 57 1 95 69 47 23 45 42 88 7 93 77 75 22 64 13 37 64 32 34 34 63 62 91 84 29 28 20 49 91 79 36 77 53 84 17 97 43 34 69 52 30 73 
73 53 36 27 79 42 85 12 25 50 94 32 102 109 78 63 76 67 106 79 81 91 39 82 30 38 66 59 82 72 86 117 18 49 19 86 39 77 17 56 68 10 47 16 19 99 97 44 55 94 5 52 77 78 10 70 74 83 40 64 76 28 49 87 59 83 57 79 19 75 54 32 49 46 55 33 71 43 46 67 50 89 84 104 59 85 51 73 45 84 71 95 93 61 76 11 46 81 86 80 66 91 51 49 98 16 96 87 78 96 62 48 55 92 79 5 54 44 108 94 52 24 29 59 90 11 92 54 97 86 96 47 98 108 5 33 98 21 9 72 90 89 97 84 74 46 79 45 81 56 26 39 70 82 64 42 25 38 30 88 72 108 64 16 20 77 4 25 82 55 106 64 82 36 61 48 90 30 4 54 6 61 49 52 78 88 63 50 18 71 67 110 85 106 89 14 49 23 70 62 60 70 74 37 35 57 51 78 62 105 37 85 51 120 93 62 106 89 79 78 55 38 62 64 66 88 68 22 65 79 51 63 94 40 63 89 76 79 38 27 99 50 58 33 17 85 38 76 51 26 39 83 110 
49 19 38 34 50 8 56 26 18 18 71 31 72 77 43 59 74 32 77 71 71 74 8 52 14 3 48 40 66 40 56 85 17 25 29 54 31 49 20 33 42 36 28 35 16 74 69 30 44 60 40 31 56 43 40 35 47 56 12 40 55 13 47 61 39 53 22 74 20 64 42 27 14 13 49 7 39 25 14 48 17 67 52 74 59 57 20 45 14 67 46 71 66 48 63 26 40 52 57 52 32 56 45 20 73 25 68 57 73 72 64 13 20 66 47 39 19 14 76 70 20 14 6 24 57 24 71 40 69 81 67 12 66 79 39 10 63 29 39 40 67 72 62 49 42 31 48 11 77 35 33 25 45 51 31 29 42 44 20 56 37 78 51 32 18 42 34 24 49 59 76 41 59 42 27 15 63 7 31 29 34 32 34 34 54 63 36 36 31 37 35 78 52 72 71 26 50 23 36 63 42 42 42 2 11 26 17 49 54 71 11 52 51 88 61 30 72 55 63 45 52 31 45 32 42 53 35 19 42 45 20 39 64 44 50 54 42 44 3 40 73 22 43 14 32 56 47 44 20 18 7 58 80 
42 7 49 48 38 13 44 44 34 13 63 43 58 62 25 64 79 13 64 73 72 71 17 38 28 15 46 39 63 28 43 68 35 26 45 39 40 39 38 32 35 54 31 52 34 63 57 36 49 43 59 33 51 25 58 17 39 47 19 37 50 28 55 51 37 39 4 77 38 64 45 38 6 10 54 22 25 31 12 45 10 60 39 60 66 46 16 35 14 64 39 63 55 50 63 44 48 40 44 43 15 38 51 18 63 42 56 44 76 62 71 7 6 56 33 57 4 16 60 60 11 31 25 7 40 42 64 43 57 83 54 7 50 66 57 23 45 45 57 25 59 67 45 31 29 36 35 9 81 35 47 33 39 37 16 36 57 56 34 39 19 64 52 49 35 25 52 39 32 68 62 37 52 55 12 10 51 24 50 27 52 24 37 35 47 55 30 40 48 19 24 62 37 55 66 44 60 38 19 70 42 33 29 17 23 17 7 37 57 53 21 37 59 72 44 19 54 39 60 30 58 41 44 21 36 36 18 36 38 28 14 34 51 55 52 36 23 26 15 55 63 20 45 27 49 44 60 28 16 33 16 50 66 
18 32 46 50 14 35 20 54 54 18 38 42 36 43 23 50 62 25 41 54 51 47 39 16 36 34 26 22 40 49 20 51 50 18 64 21 36 14 49 57 59 70 23 58 50 38 33 61 35 32 71 59 27 33 73 28 61 68 27 61 26 38 45 26 19 17 23 59 55 44 31 39 24 23 41 42 45 56 22 25 19 35 57 38 54 66 42 57 22 41 63 37 30 34 42 59 39 16 21 64 15 44 40 43 38 51 32 21 59 37 59 31 31 31 51 71 21 41 43 35 16 50 40 28 27 55 39 30 33 64 31 31 32 43 71 33 39 65 72 10 34 43 36 38 8 28 13 25 63 60 49 30 63 16 11 31 59 53 56 24 23 43 34 68 53 38 64 60 45 58 40 62 27 52 34 22 27 43 62 15 67 48 27 23 22 29 54 29 54 33 45 44 52 42 42 53 51 45 17 58 24 7 48 34 31 10 32 13 42 42 29 51 49 54 29 42 44 25 37 45 46 37 26 44 14 43 14 55 62 21 40 13 28 50 34 32 24 32 34 56 38 46 29 49 55 64 57 13 42 40 30 72 44 
70 57 29 21 78 46 83 12 32 50 90 27 100 108 80 56 68 69 104 72 74 85 43 81 30 41 62 56 76 77 84 116 22 47 28 86 34 75 18 63 75 19 44 9 24 96 94 52 49 95 9 59 73 81 18 73 81 90 40 71 72 29 42 85 56 82 60 71 26 69 49 28 51 48 49 38 76 51 47 63 51 85 89 102 51 91 56 79 46 78 78 91 90 56 70 18 40 79 84 86 67 94 45 55 95 14 93 86 70 93 54 51 58 89 84 13 56 49 108 91 53 30 32 62 91 15 88 49 94 78 94 50 97 106 13 34 99 29 17 72 86 84 98 87 73 42 78 48 73 63 20 36 77 81 65 39 16 30 38 89 74 107 59 25 26 80 6 33 86 47 104 72 78 28 65 49 88 35 9 52 15 67 45 49 75 84 69 46 13 75 72 109 90 106 84 13 41 21 72 54 56 69 79 40 35 57 55 77 56 106 37 90 44 119 93 67 107 89 74 83 48 33 58 69 64 91 69 29 73 81 56 61 92 33 58 90 78 82 41 19 96 56 53 39 11 91 30 77 56 25 40 90 108 
42 28 69 70 30 39 34 69 60 32 56 64 40 40 4 76 89 13 48 80 77 70 43 27 52 42 52 48 65 31 31 46 62 41 71 21 59 34 64 49 44 80 47 76 60 52 44 58 61 18 85 52 51 9 84 12 44 48 42 49 50 53 70 43 46 27 22 85 64 70 57 60 31 34 67 48 27 53 34 51 31 55 34 42 80 45 37 40 36 65 47 55 44 60 68 70 64 31 33 45 15 17 66 39 53 67 43 30 85 53 85 33 27 47 30 84 26 41 38 52 29 57 51 22 17 68 59 56 44 90 40 33 30 49 84 48 18 71 84 17 54 66 19 11 22 52 25 34 89 52 70 52 48 24 19 54 80 76 59 19 7 45 60 76 62 16 78 65 21 84 44 49 50 75 23 32 40 50 76 39 78 36 52 49 44 48 41 54 72 14 30 40 28 30 64 69 76 62 11 84 51 31 29 43 47 28 30 29 68 27 45 27 75 49 23 30 29 17 62 23 72 60 52 30 40 17 14 62 49 7 35 40 36 74 61 9 3 7 42 77 52 40 55 52 73 43 80 16 37 57 41 54 48 
50 55 88 91 35 65 35 93 86 55 53 84 28 21 27 88 98 40 35 86 83 71 69 30 75 67 62 62 69 54 31 22 87 60 98 22 78 40 88 74 68 106 65 99 86 45 37 84 76 10 109 78 57 33 110 39 67 68 65 74 56 77 86 42 60 30 48 93 90 77 72 81 56 58 81 74 51 80 58 61 54 55 53 29 93 64 63 63 59 69 70 52 40 72 75 96 81 35 33 65 38 28 81 66 46 91 37 29 93 48 98 59 54 44 50 109 51 67 17 47 52 83 76 49 15 93 57 71 37 97 33 59 18 34 109 71 10 98 109 33 53 66 8 30 34 70 32 59 97 77 91 72 71 28 40 73 101 95 85 18 33 29 71 102 88 39 103 92 40 99 30 73 52 94 50 56 36 76 100 57 104 61 69 65 49 48 66 71 94 40 55 20 46 5 65 93 92 85 34 97 63 42 52 68 70 49 57 35 80 1 68 45 90 25 15 56 2 17 67 45 86 79 64 56 51 31 36 88 73 25 62 53 30 92 72 18 29 30 67 98 45 67 68 79 96 61 99 29 63 80 66 74 32 
32 65 77 83 23 71 18 91 91 55 24 75 3 13 40 68 74 52 5 62 58 43 76 21 73 71 44 47 44 74 17 20 87 53 102 22 68 25 85 89 86 107 57 93 87 15 9 96 60 29 107 91 35 52 110 53 87 91 64 91 34 74 71 18 46 20 56 69 93 54 57 73 60 60 64 79 70 91 59 43 56 28 77 2 74 88 75 83 59 43 90 23 13 54 52 96 67 22 17 87 45 54 65 77 17 87 9 16 69 19 78 66 64 17 72 108 56 76 16 19 53 87 77 59 27 92 29 56 9 71 7 66 14 6 108 70 37 102 109 35 26 39 32 52 31 59 25 62 72 92 83 64 91 23 43 63 92 82 92 24 46 7 52 105 90 58 100 97 63 81 4 91 29 82 63 58 13 80 98 49 103 77 57 53 28 22 83 58 88 56 72 14 70 26 38 89 76 80 42 77 48 32 72 71 68 47 66 24 61 30 66 69 73 22 21 71 31 26 43 66 69 69 48 72 38 56 41 92 91 36 73 40 9 79 53 39 43 49 71 89 16 79 52 85 90 85 86 31 75 76 67 97 7 
50 35 78 79 36 47 39 78 67 41 61 73 42 39 12 85 97 21 49 87 85 76 51 32 61 50 60 57 72 33 36 43 70 50 79 25 68 40 72 52 46 88 56 85 69 55 48 63 70 16 93 56 58 12 92 18 45 47 51 52 57 62 79 48 54 33 30 93 72 77 66 69 39 42 76 56 29 59 43 59 40 61 33 44 88 44 43 41 45 72 48 60 48 68 76 78 73 37 37 44 24 10 75 45 57 76 47 35 93 58 94 40 34 52 29 92 35 47 36 56 38 65 59 29 18 76 64 65 48 98 44 41 31 50 92 56 12 79 92 25 59 72 15 8 30 61 32 43 97 56 79 61 49 29 28 63 89 85 66 22 16 45 68 83 70 17 87 72 19 93 45 52 56 84 29 41 44 58 84 48 86 39 61 57 50 54 44 63 81 19 33 39 26 26 70 78 85 71 20 93 59 39 30 51 56 37 38 35 77 23 53 25 83 46 24 34 23 19 69 23 81 69 60 34 48 11 23 70 51 14 41 48 39 83 69 5 12 9 50 86 56 46 64 59 82 41 89 23 43 66 50 53 49 
18 66 49 57 31 66 29 71 80 48 16 50 40 51 56 31 36 61 38 24 20 11 70 35 56 63 16 24 6 85 32 58 71 38 88 43 43 26 67 92 94 90 37 68 72 26 29 92 29 56 85 92 9 68 91 64 97 104 51 96 10 58 38 21 25 34 58 31 79 16 28 50 56 53 31 71 81 88 52 16 51 11 92 40 38 102 75 93 50 6 98 17 25 22 14 80 38 30 31 100 51 76 34 77 24 66 29 34 31 21 42 64 66 21 87 87 55 73 53 20 48 75 65 64 51 73 12 28 29 34 32 64 46 40 87 56 65 89 90 43 13 8 60 71 38 36 35 56 34 94 57 43 98 38 47 40 64 52 83 47 58 45 19 90 77 73 78 86 80 45 41 97 11 53 69 52 27 70 78 35 85 83 34 31 16 16 89 32 65 68 81 52 87 60 7 68 43 59 52 41 22 29 84 62 54 43 66 31 25 63 53 86 40 60 48 78 65 50 5 81 35 44 20 79 23 76 49 80 97 53 74 26 34 48 20 62 58 66 63 61 25 79 24 78 66 99 55 43 75 58 57 108 43 
41 50 80 83 26 59 26 86 81 48 45 76 22 18 22 79 89 35 29 78 74 63 64 21 68 61 53 53 60 53 23 23 80 52 92 13 70 31 80 71 66 100 57 91 79 38 30 80 67 5 102 75 48 31 103 35 66 69 58 72 47 69 77 34 51 21 42 84 84 68 63 72 50 51 72 68 49 76 51 52 47 47 54 23 84 65 59 62 52 60 69 44 32 63 66 89 72 26 24 65 32 30 72 61 39 83 29 21 84 41 89 53 49 36 50 102 45 62 15 40 45 77 69 44 7 86 49 62 30 88 26 54 11 29 102 64 13 92 103 25 45 58 7 29 26 61 23 52 88 74 83 64 70 19 33 64 93 86 80 9 29 24 62 96 81 37 95 86 40 90 25 72 44 86 46 50 28 70 93 48 97 58 60 56 40 39 64 62 87 37 53 18 47 9 57 85 83 77 28 88 54 34 51 62 63 41 52 26 71 9 61 46 81 26 6 53 11 9 59 44 77 71 55 53 42 32 29 82 72 19 57 44 22 83 63 16 25 28 61 90 38 63 59 73 88 62 90 21 59 73 59 74 28 
60 33 35 28 63 22 69 13 10 32 82 29 86 92 58 61 76 47 90 75 76 82 18 66 16 18 56 48 73 52 69 99 3 35 16 68 33 62 10 39 50 21 35 25 1 85 82 30 48 75 26 35 65 58 25 50 56 65 23 46 65 14 47 73 47 66 37 76 7 69 47 26 29 28 51 13 51 27 28 56 31 77 64 87 59 66 31 54 27 75 54 82 78 54 69 11 42 65 70 62 47 71 47 30 85 15 81 70 75 83 63 28 35 78 59 24 34 24 90 81 34 6 9 39 71 10 81 45 82 84 80 27 80 92 24 17 78 17 24 54 77 80 77 64 56 36 62 26 79 39 27 29 53 65 45 33 33 40 16 70 52 92 56 18 5 56 20 15 62 57 90 47 69 38 41 29 75 10 17 39 19 42 39 41 65 74 45 41 22 51 47 92 65 87 79 15 49 17 51 62 50 55 54 17 19 39 31 62 57 86 20 65 51 102 75 42 87 70 70 58 53 32 52 44 53 68 49 9 48 60 31 49 77 41 56 69 57 59 18 33 85 31 49 15 22 66 42 58 31 16 20 66 94 
57 64 13 13 68 55 72 29 50 50 74 18 90 99 79 32 43 72 91 48 51 64 54 73 33 49 46 42 56 87 74 107 38 41 51 79 23 64 31 79 88 45 35 18 40 81 81 71 30 91 35 75 57 84 44 76 94 103 41 86 57 34 20 71 43 73 63 46 45 47 33 22 54 50 27 51 85 68 49 47 52 68 98 91 26 103 67 91 47 58 92 74 77 37 48 40 22 69 74 99 66 97 25 67 80 25 81 76 45 77 28 58 65 74 93 39 58 61 99 76 53 46 42 67 86 33 70 33 81 53 82 57 89 93 39 38 97 52 43 68 69 65 94 90 67 31 70 51 48 79 14 29 92 74 63 28 9 7 56 83 75 96 40 49 45 85 30 54 92 21 93 87 62 7 72 51 76 48 32 44 40 78 32 37 61 69 82 31 19 79 82 100 97 101 64 26 17 25 71 28 41 60 88 47 38 54 63 68 34 101 39 97 20 109 87 77 103 84 54 90 25 22 42 79 52 95 68 48 88 78 66 50 81 11 38 89 78 84 49 8 81 69 37 55 19 102 4 72 67 29 45 104 96 
18 52 28 35 32 49 35 49 60 33 35 28 51 61 51 22 34 51 52 28 27 31 51 37 35 45 7 7 22 73 37 69 50 20 67 45 21 28 45 75 80 68 17 47 51 42 42 74 9 58 64 75 18 61 70 55 84 92 32 81 18 37 20 32 9 37 45 32 58 19 6 28 41 37 14 52 70 69 35 8 35 30 82 52 26 91 60 81 33 24 84 36 38 5 18 58 17 33 37 88 42 72 15 61 41 44 42 39 31 38 31 48 52 35 77 66 41 56 62 37 34 55 45 51 53 51 33 7 42 38 43 47 53 55 66 36 66 68 69 38 31 29 62 66 34 15 35 40 36 78 36 22 85 39 37 18 44 32 64 49 51 57 6 68 56 64 57 65 72 31 54 82 23 33 57 36 38 51 56 18 63 69 12 11 22 30 75 10 43 59 69 62 79 66 29 46 26 38 44 30 4 25 73 43 34 30 51 32 14 67 34 78 23 72 52 64 69 51 19 72 19 22 3 66 16 71 41 59 82 49 58 15 43 28 6 60 52 60 45 40 42 63 2 59 44 89 36 40 60 36 38 95 57 
82 39 92 90 71 48 76 79 60 57 98 85 82 80 46 109 123 39 90 116 115 110 49 69 69 53 88 82 104 16 74 83 69 70 69 64 84 75 75 30 18 81 75 90 67 94 87 44 93 57 90 35 91 33 85 36 12 7 63 24 89 69 99 85 80 70 44 121 66 107 89 81 50 55 98 53 19 43 56 88 54 97 8 84 110 3 36 12 58 105 16 98 87 94 105 74 92 73 75 6 49 33 96 36 95 80 86 73 120 96 116 44 38 89 13 87 48 43 77 94 55 61 61 38 58 76 101 88 87 127 83 45 71 90 87 65 51 68 85 57 96 106 55 33 63 80 67 52 124 32 88 77 17 66 53 81 97 99 55 61 42 86 95 74 65 27 86 62 22 112 86 23 90 98 32 54 82 56 83 71 81 24 82 80 84 90 22 85 86 31 21 80 15 66 105 81 104 78 48 115 85 70 16 55 65 59 40 70 102 62 64 16 103 86 64 26 62 59 101 19 103 85 87 24 77 30 51 63 22 50 36 76 79 99 95 46 43 36 53 96 95 35 88 52 87 0 103 58 36 74 58 13 89 
38 16 56 56 30 25 36 55 46 18 56 50 48 50 13 67 80 5 54 73 71 67 29 29 38 27 45 39 60 29 34 57 47 29 57 28 46 32 49 40 39 66 35 62 46 55 48 47 51 31 70 42 47 16 70 9 42 48 28 43 46 38 59 44 37 30 8 78 50 63 47 46 16 19 57 34 25 42 20 44 16 54 37 49 69 46 25 38 21 61 43 56 47 51 62 56 52 32 35 44 5 29 55 28 55 53 47 34 77 55 75 19 15 49 31 69 11 28 48 53 15 43 36 10 28 53 58 46 48 83 45 19 39 55 69 33 33 57 69 15 53 63 33 22 21 40 26 19 81 43 56 39 44 27 9 41 66 63 45 28 8 53 52 62 47 19 64 51 26 73 52 43 47 62 14 18 42 36 61 28 64 29 41 38 41 48 35 43 57 13 25 51 33 43 62 54 65 48 7 74 42 27 28 28 32 16 17 29 59 41 30 32 63 60 33 23 42 27 57 26 62 47 44 24 33 27 8 48 43 16 24 32 41 61 52 24 12 16 27 64 55 29 46 39 59 44 67 18 25 43 26 52 56 
29 66 74 80 23 72 17 89 91 55 18 72 9 19 43 63 69 54 6 56 52 37 76 22 71 71 40 44 38 77 17 26 86 52 101 25 65 24 84 91 89 106 54 90 86 9 4 97 55 34 105 93 30 56 109 56 90 95 63 93 30 73 67 14 43 21 57 63 92 48 53 70 60 59 60 79 73 92 59 39 56 22 80 8 69 91 76 86 59 37 93 17 9 50 46 95 63 21 16 91 46 58 61 78 10 85 5 17 64 13 73 67 65 12 76 106 57 77 22 13 53 86 77 61 31 90 23 53 4 65 6 67 19 8 106 69 43 102 108 36 20 33 37 56 31 57 25 62 66 94 80 62 93 24 44 60 89 78 92 27 49 12 47 104 90 62 98 97 67 76 9 94 24 79 65 58 10 80 96 47 102 79 54 50 24 17 85 54 86 59 75 20 74 32 32 87 72 78 44 72 44 31 75 71 67 47 67 24 56 36 65 73 69 27 25 73 37 30 38 70 64 66 44 75 35 60 43 92 94 39 74 38 10 75 49 43 46 53 71 86 9 80 49 86 87 89 82 33 76 75 66 100 11 
46 48 82 85 30 58 31 87 79 48 51 77 28 24 20 83 94 33 36 83 79 68 62 25 69 60 57 56 66 49 28 27 80 54 91 17 72 36 81 68 62 99 59 92 79 44 36 77 70 4 102 71 53 27 103 32 61 63 58 68 52 70 81 39 54 26 41 89 83 73 66 74 49 51 76 67 45 73 51 56 47 52 48 30 88 59 56 57 52 66 64 50 38 67 71 89 75 31 29 60 31 24 75 59 45 84 35 26 89 47 93 52 47 42 45 102 44 60 20 46 45 76 69 42 9 86 55 65 36 93 32 52 17 35 102 64 6 91 102 27 51 64 1 24 28 64 27 52 93 71 84 66 65 23 34 66 95 89 78 13 26 30 66 95 81 33 96 85 35 93 31 67 49 88 43 49 34 69 93 51 97 55 63 59 45 45 60 65 88 33 49 23 41 10 63 86 87 78 27 92 58 37 46 61 63 42 50 30 75 8 61 40 84 30 12 49 9 11 64 39 81 73 59 49 46 26 29 81 67 18 55 47 28 86 67 11 22 24 60 92 45 60 63 72 89 56 93 23 56 73 59 69 34 
70 30 84 81 60 40 64 73 56 47 86 77 71 69 34 98 112 28 79 105 103 99 42 57 61 45 77 71 93 8 62 73 63 60 65 52 75 63 68 29 19 77 65 83 61 83 75 43 82 46 85 34 79 22 81 24 16 17 53 26 78 61 89 73 69 58 33 110 61 96 79 73 40 45 88 47 9 40 46 76 44 85 4 73 100 14 29 13 48 94 20 86 75 83 94 69 82 61 64 14 37 24 85 30 84 73 74 61 109 84 106 36 29 78 1 83 38 36 66 82 45 56 54 28 47 70 89 77 75 116 72 37 60 79 83 56 41 65 81 45 84 95 45 22 51 70 56 43 114 32 80 67 21 55 42 71 90 91 52 50 30 75 84 71 60 16 80 58 11 103 75 25 79 89 22 44 71 50 77 60 77 19 72 69 73 79 20 74 79 20 13 69 6 56 93 74 94 71 36 105 74 59 6 47 57 48 32 59 91 52 55 7 94 76 53 18 52 48 90 8 93 75 76 16 66 20 39 58 24 38 29 64 67 89 84 35 31 24 45 88 83 30 78 47 80 12 94 46 29 66 49 23 78 
51 20 69 69 40 32 45 65 52 31 67 63 53 53 15 81 95 9 61 87 85 80 35 38 49 36 59 53 74 18 43 58 56 43 63 34 60 44 59 36 31 73 49 73 54 64 57 46 65 31 79 40 60 5 77 5 32 36 40 36 59 49 73 54 51 39 18 92 56 77 61 59 27 31 71 41 14 42 32 58 29 66 23 55 84 34 26 27 34 74 34 67 56 65 75 64 66 42 44 32 19 17 69 28 65 63 56 42 91 65 89 26 19 59 18 77 23 31 50 63 29 50 45 15 30 63 70 60 57 97 53 27 43 61 77 44 29 63 77 26 65 75 31 11 32 54 36 30 95 39 68 53 35 35 23 55 78 77 50 32 11 58 66 68 55 4 73 56 12 87 57 36 59 75 13 30 52 43 70 43 72 23 55 52 53 59 28 58 69 2 17 53 19 42 74 65 79 59 17 88 56 40 17 37 44 30 22 39 73 39 42 18 77 61 36 17 40 30 71 12 76 61 58 18 47 15 20 54 36 19 25 46 49 75 66 20 12 8 36 76 64 29 60 44 70 31 80 27 26 54 37 41 61 
47 52 4 5 57 43 61 23 41 37 66 5 79 88 66 31 45 59 81 47 49 59 43 61 21 37 37 32 51 74 63 96 29 28 44 68 11 54 22 68 76 41 23 16 31 72 71 61 23 78 34 65 48 71 42 63 82 91 28 75 48 22 17 62 33 62 50 47 37 44 24 9 41 37 23 39 72 57 36 38 39 60 86 80 28 91 55 79 34 53 81 66 67 30 44 34 15 58 63 87 53 84 19 55 71 18 71 65 46 69 32 46 52 65 80 37 45 49 88 67 40 37 31 55 74 27 63 24 71 54 72 45 78 83 37 26 85 46 41 56 61 59 82 77 55 19 58 39 49 69 6 16 80 62 50 16 13 9 47 71 62 85 33 44 36 72 28 46 80 26 82 75 54 8 59 38 66 37 28 32 36 66 21 26 52 60 71 21 14 66 69 89 84 89 58 20 18 14 58 31 32 48 76 35 25 41 50 57 30 89 27 84 20 98 75 64 91 72 48 77 23 9 33 66 41 82 55 40 76 66 54 39 71 10 32 76 65 71 37 10 72 57 28 45 15 90 13 59 55 17 32 93 86 
17 32 45 49 14 35 20 54 54 18 37 41 37 44 24 49 61 25 42 53 51 46 39 17 35 34 25 21 40 49 21 52 49 17 64 22 35 14 48 58 59 70 22 57 49 38 33 61 34 33 70 59 27 34 73 29 62 69 26 62 25 37 44 26 18 18 23 58 55 43 30 38 24 23 40 42 46 56 22 24 19 34 57 39 53 67 42 58 22 41 63 37 30 33 41 59 38 16 21 64 16 45 39 44 38 50 32 22 58 37 58 31 31 31 52 70 21 41 43 35 16 49 40 29 28 54 39 29 33 64 31 31 33 43 70 32 40 65 72 11 34 43 37 38 9 27 13 25 62 60 48 30 64 17 11 30 59 52 55 25 24 43 33 67 53 38 63 60 46 57 41 62 27 51 34 21 27 43 61 14 66 48 26 22 21 29 54 28 53 33 46 45 53 43 41 52 50 44 17 57 23 7 49 34 31 10 33 13 41 43 29 52 48 54 30 42 45 26 37 46 45 36 25 44 13 44 14 55 62 22 40 12 29 49 33 33 25 33 34 55 38 46 28 49 54 64 56 14 42 40 29 73 45 
55 49 16 7 64 38 69 11 32 38 76 13 86 94 68 43 57 59 89 59 61 71 37 67 18 33 47 41 62 71 70 102 19 33 33 73 20 61 12 61 71 29 30 6 21 82 80 52 35 82 23 57 58 71 30 63 77 86 28 68 58 18 29 70 41 68 50 59 27 55 35 14 40 37 35 33 69 49 36 48 40 70 83 88 40 87 50 74 34 64 75 76 76 41 56 22 26 65 70 82 55 84 31 50 80 7 79 72 58 78 43 43 50 74 77 25 45 43 94 76 41 28 25 53 78 15 73 34 80 66 79 42 83 91 25 23 87 34 29 60 71 70 85 77 60 27 64 37 61 61 6 22 74 68 52 24 11 19 38 75 63 93 44 32 26 71 16 35 78 37 90 69 63 17 57 38 74 30 16 38 24 62 30 34 60 70 65 31 2 65 66 95 82 93 69 8 29 8 60 43 42 54 72 31 24 44 47 63 42 93 26 82 32 105 80 61 95 76 59 75 35 18 43 63 49 82 57 30 70 69 50 46 78 21 43 79 67 72 33 11 81 51 39 37 4 86 21 64 50 13 30 87 93 
6 53 51 57 13 55 12 68 72 37 17 50 27 38 39 43 51 45 28 40 37 28 59 17 50 53 17 21 23 69 15 46 65 31 81 26 43 8 63 78 79 85 32 68 66 20 18 81 33 39 83 79 10 51 88 48 82 88 43 82 9 52 44 8 21 17 44 47 72 30 30 48 44 42 38 61 65 76 41 17 39 14 76 28 49 86 62 78 40 23 83 17 14 28 28 75 41 12 14 84 35 59 39 64 19 63 18 17 47 17 53 51 52 13 70 85 42 61 39 16 36 67 57 49 34 69 18 30 18 50 19 51 30 31 85 49 48 82 87 26 13 23 43 54 21 34 17 45 50 81 57 40 84 20 31 38 66 56 74 30 41 33 26 84 70 56 76 78 63 55 30 83 7 56 54 41 13 62 75 26 81 68 32 28 2 9 75 32 64 52 66 39 70 44 22 65 50 56 35 52 21 14 68 52 47 30 53 14 35 46 45 69 47 48 32 63 48 32 21 64 43 44 21 64 13 59 33 73 83 35 60 16 20 52 27 44 41 49 53 63 20 66 26 68 65 83 60 26 62 53 47 93 33 
41 70 24 33 56 64 58 51 68 52 52 30 73 84 75 5 17 73 73 21 24 39 66 61 45 59 29 30 32 93 61 92 56 39 72 69 27 51 50 91 98 69 34 43 58 61 63 87 17 82 61 89 37 83 70 77 103 111 48 98 38 47 12 54 32 61 66 19 65 22 21 33 59 55 11 64 90 83 53 30 55 47 103 74 2 111 77 100 51 34 102 53 59 19 23 62 18 56 60 107 64 95 14 77 60 46 63 63 18 56 7 66 71 56 98 64 61 71 85 55 54 64 56 71 77 55 48 22 63 26 65 65 76 75 64 48 90 74 69 62 48 40 86 89 58 29 59 57 21 93 34 33 102 63 60 29 36 22 74 73 73 79 20 72 64 87 55 73 94 9 76 98 43 24 77 55 59 62 56 40 64 87 27 30 44 50 92 25 42 81 88 85 100 89 40 48 11 42 67 6 28 49 94 57 47 52 69 56 11 91 47 100 8 94 76 83 93 75 31 93 6 27 27 86 40 94 64 67 99 73 75 39 66 19 19 84 75 83 59 33 60 79 23 70 43 109 23 64 77 43 53 114 78 
52 33 28 22 57 22 63 12 18 27 74 21 80 87 56 53 68 45 84 67 68 74 20 60 8 17 48 40 65 54 64 94 7 28 24 64 24 55 6 44 54 27 27 21 8 79 75 37 40 71 28 41 58 57 30 48 60 69 17 51 57 6 39 66 40 61 35 68 15 61 38 18 26 24 43 16 53 33 24 48 27 70 66 82 51 70 34 58 23 67 58 75 72 45 61 16 34 59 64 65 43 70 39 33 78 11 74 65 67 76 55 27 34 71 61 28 31 27 86 74 30 13 8 38 67 11 73 37 75 75 74 26 75 86 28 11 75 25 29 50 70 72 74 63 51 28 56 23 71 45 20 21 57 60 41 25 28 33 23 66 50 86 48 25 13 56 21 23 63 50 84 52 62 31 41 25 69 13 19 32 23 45 31 33 58 67 48 33 17 50 49 87 66 83 71 12 41 10 48 55 42 48 56 15 12 34 31 56 49 82 14 66 43 97 71 44 84 66 62 59 45 24 44 46 46 67 46 17 53 57 33 42 72 34 47 66 54 58 17 27 78 34 41 21 18 69 36 54 34 8 16 70 88 
62 46 27 18 68 34 74 1 23 39 83 22 91 98 68 54 68 58 95 69 71 80 32 72 19 30 55 48 71 66 75 106 11 38 22 76 28 66 7 53 64 19 36 11 13 88 85 43 44 84 16 49 66 70 20 61 70 79 29 61 65 18 40 76 48 72 48 69 17 65 44 21 39 37 45 27 65 41 36 56 40 78 78 93 50 81 45 69 35 73 68 83 82 50 65 12 36 70 75 76 56 83 41 44 87 5 85 76 68 85 54 40 47 81 73 17 44 38 98 83 42 20 20 51 80 5 81 43 85 77 85 39 87 97 17 23 88 24 19 62 79 79 87 76 63 35 68 36 72 53 17 28 67 71 54 31 20 30 29 78 63 97 53 21 17 69 8 25 75 47 95 62 70 28 54 38 79 24 7 42 14 56 38 41 67 76 59 39 9 63 61 99 78 96 78 3 40 12 61 53 49 59 68 28 24 46 44 67 52 95 26 78 42 109 83 56 97 78 68 72 46 27 51 58 55 80 59 20 63 70 45 52 83 32 52 79 67 71 30 21 88 45 47 29 9 80 31 66 45 15 29 80 99 
42 83 44 53 57 79 56 71 87 64 43 49 68 79 80 17 9 81 65 4 8 25 81 61 62 75 32 38 22 104 59 86 75 51 92 70 45 52 69 106 111 90 47 64 77 53 57 103 30 83 82 105 34 91 90 85 115 123 62 112 35 64 31 49 40 61 76 4 84 14 32 51 72 67 26 81 101 99 66 33 67 38 113 68 22 122 90 112 64 23 115 44 53 26 16 82 35 56 58 119 72 101 30 91 51 66 57 61 4 48 22 79 83 49 107 85 72 86 81 47 65 82 73 82 78 75 38 34 57 7 60 78 74 68 85 64 92 93 89 67 40 28 87 95 62 43 60 70 6 108 54 49 116 64 67 45 57 43 91 74 80 72 25 92 82 95 76 92 102 28 69 112 38 45 88 67 55 79 76 49 85 100 40 41 42 44 106 38 62 89 100 80 109 88 29 68 32 61 74 22 35 52 104 73 63 61 82 57 20 90 63 108 29 87 76 95 92 76 23 102 25 45 33 98 44 100 71 86 113 77 89 45 62 40 25 87 81 89 75 54 52 94 32 87 63 120 44 68 90 61 68 127 71 
65 27 48 42 65 17 71 27 6 34 87 41 87 91 55 73 87 42 92 86 86 90 13 67 26 17 64 56 81 41 71 98 17 41 17 68 44 65 24 26 37 28 43 38 15 89 84 16 59 72 36 22 72 51 32 44 43 52 28 33 71 24 59 77 54 68 34 88 12 79 56 38 28 29 62 9 41 13 29 64 32 83 53 89 71 54 21 42 30 83 40 87 82 63 78 20 53 67 72 49 45 64 58 19 89 29 83 72 87 88 76 23 28 82 49 33 32 15 90 86 35 8 15 33 69 23 87 55 84 95 82 22 80 94 33 24 74 16 31 54 83 88 74 57 57 46 63 26 91 26 40 39 40 66 45 43 47 54 4 69 48 93 66 21 11 49 32 10 53 70 91 34 75 52 34 30 78 9 29 45 27 31 48 49 70 79 32 51 36 44 37 92 55 84 86 29 62 30 49 75 58 58 44 18 26 41 25 64 68 82 26 55 63 101 74 32 84 68 78 49 65 44 60 34 58 60 48 9 35 57 22 55 79 54 65 64 52 53 17 47 89 20 58 3 36 54 56 58 21 28 23 52 95 
29 38 19 23 38 33 42 32 42 20 50 15 60 69 47 33 47 42 63 44 44 49 35 42 17 28 23 16 40 61 44 77 32 9 49 48 9 35 28 60 66 51 4 33 33 56 53 57 17 59 48 58 33 54 53 46 71 79 16 66 33 19 22 44 15 42 34 47 40 37 14 13 27 22 22 34 58 52 21 23 23 45 72 62 33 79 45 67 19 42 70 51 49 21 36 41 15 39 44 75 35 66 19 45 55 28 53 46 46 52 39 33 39 48 66 49 29 40 69 51 23 36 27 39 54 34 49 13 53 54 53 33 58 65 49 18 65 50 52 36 46 47 62 59 35 4 39 25 50 61 23 4 70 43 31 4 33 26 46 51 44 66 24 50 38 56 41 47 63 35 64 66 38 25 45 23 48 33 39 12 46 55 6 8 34 44 60 9 28 50 56 69 69 69 46 30 27 21 39 38 17 29 62 26 16 22 37 37 27 69 16 69 26 79 55 51 71 52 37 62 26 10 19 54 23 64 36 41 67 47 43 20 52 24 23 57 47 53 28 30 55 47 16 41 30 77 30 40 45 18 21 82 67 
73 57 34 25 80 45 85 13 29 51 94 31 103 110 80 61 74 69 107 77 79 89 42 83 31 41 66 59 81 75 87 118 21 50 24 88 38 78 19 61 72 14 47 14 23 99 97 49 53 96 4 56 77 81 13 73 78 87 41 68 76 30 47 88 59 84 60 76 23 74 53 32 51 49 53 37 75 48 48 66 52 89 87 104 56 89 54 77 47 83 75 94 93 60 74 15 45 82 87 84 68 94 49 53 98 16 96 88 75 96 59 51 58 92 83 7 56 48 110 94 54 28 31 62 92 14 92 53 97 83 96 50 99 109 7 35 100 25 12 74 89 89 99 87 75 46 80 48 78 60 24 39 75 83 66 42 22 35 35 90 75 109 63 20 24 80 4 29 86 52 107 69 81 33 65 50 91 34 6 54 10 65 48 52 78 88 67 49 16 74 71 111 88 108 88 14 46 23 72 59 60 71 78 39 36 58 54 79 60 107 38 88 49 121 95 66 108 90 78 82 53 37 61 68 67 91 70 26 70 82 55 64 94 38 62 91 79 82 41 24 99 54 57 37 15 89 35 78 54 27 41 87 110 
51 3 57 55 45 14 51 48 34 22 71 50 64 66 28 73 88 14 70 82 81 80 17 45 34 19 55 48 72 20 50 72 38 35 45 44 48 47 42 24 26 55 40 57 37 70 64 31 58 45 61 26 60 23 59 16 30 38 27 28 59 34 63 59 46 46 10 86 38 73 54 46 14 19 63 23 17 26 20 55 19 68 31 66 75 37 9 26 22 73 30 71 62 59 72 46 56 47 51 34 21 35 60 12 71 47 63 50 86 70 80 9 3 64 25 60 14 13 64 68 21 32 28 6 43 45 72 52 64 93 61 10 55 71 60 29 45 45 59 31 68 76 46 29 36 45 42 17 90 27 54 41 30 43 23 45 63 64 32 44 21 69 61 50 37 21 56 38 26 76 68 28 61 62 5 19 58 26 53 36 54 14 46 45 55 63 21 49 53 16 15 66 30 57 75 48 68 44 23 79 51 41 21 21 30 26 5 44 67 55 28 30 68 75 48 10 56 42 69 23 67 49 53 12 45 32 24 36 29 31 8 43 57 63 61 36 25 25 19 62 70 13 54 26 54 36 67 34 9 39 23 41 72 
36 76 40 49 51 73 50 66 81 57 39 44 63 74 74 14 13 75 61 3 6 22 75 56 57 69 26 31 17 98 54 81 70 45 87 64 39 46 64 100 105 85 40 60 72 49 52 97 24 77 78 99 28 84 86 79 109 117 56 106 29 59 27 44 33 55 70 8 79 8 26 46 65 61 21 75 94 93 60 26 60 34 107 63 20 115 84 105 58 19 109 40 48 20 10 77 30 50 52 112 65 94 25 85 47 61 52 56 8 43 21 73 76 44 101 81 66 80 76 43 59 76 67 76 72 70 34 28 52 13 55 72 68 63 81 59 86 88 85 60 36 25 81 89 56 37 54 64 12 102 50 43 109 58 61 39 54 40 86 68 74 68 18 87 77 88 72 87 96 27 65 106 33 41 81 61 50 73 72 43 80 94 34 35 36 39 99 32 58 83 93 75 103 82 25 63 29 56 68 21 28 46 98 67 57 55 76 51 15 85 57 102 25 83 70 89 87 70 18 96 21 40 26 91 38 94 65 80 107 71 83 38 57 36 18 81 75 83 69 50 48 87 26 81 59 113 41 62 84 56 62 120 66 
85 36 85 81 77 40 83 67 46 55 104 78 92 92 54 105 120 43 100 115 114 113 40 76 61 46 89 82 106 21 81 97 57 67 53 73 78 80 64 15 8 65 72 79 55 102 95 27 90 69 76 19 93 43 69 42 9 14 57 8 92 60 94 91 80 77 44 119 52 107 86 74 47 51 95 43 25 27 52 88 52 101 25 94 106 18 28 12 55 107 5 103 94 92 105 60 87 79 82 13 53 48 91 28 102 69 94 81 118 102 111 40 36 96 25 72 47 34 89 100 54 48 51 38 69 64 105 85 95 126 91 40 82 100 72 57 65 52 69 62 101 110 68 46 68 76 73 48 122 15 79 72 4 74 56 76 87 92 41 71 49 97 94 58 52 37 73 46 35 106 96 7 94 90 33 51 89 46 70 69 66 19 79 77 88 96 13 81 76 38 22 92 31 80 108 69 98 69 54 110 84 74 23 48 58 59 36 76 99 76 57 32 98 100 75 25 76 69 103 31 98 78 87 23 79 45 55 49 6 58 30 77 87 92 94 58 51 46 46 86 102 26 87 39 76 20 95 65 28 65 52 12 100 
37 82 50 59 51 80 50 76 90 64 34 54 60 71 76 24 19 79 57 8 5 15 83 56 65 76 30 37 15 103 53 78 79 51 96 64 49 47 74 107 111 95 48 70 81 44 49 105 33 77 88 106 29 88 96 83 114 122 64 112 30 67 37 42 39 56 75 14 88 12 34 55 72 68 31 83 99 101 66 30 66 30 111 60 30 120 91 111 64 16 115 35 45 28 13 86 40 51 52 118 69 97 35 92 42 71 49 55 14 39 31 79 82 41 105 91 71 87 73 39 64 85 76 81 73 79 29 36 49 13 52 79 67 59 91 67 87 97 95 63 32 19 81 91 58 45 55 71 15 109 60 52 115 59 65 48 64 50 94 68 77 64 25 97 86 92 82 96 99 37 61 113 32 52 87 67 48 82 82 49 90 99 42 42 37 37 105 40 68 87 99 72 106 81 20 73 39 65 71 31 34 49 103 74 65 60 82 52 24 84 65 106 36 79 70 95 86 71 17 100 31 49 32 97 41 97 68 89 113 73 89 42 55 47 26 83 78 86 76 61 43 94 33 90 69 118 52 64 91 65 69 126 62 
25 50 20 27 38 45 41 41 54 31 43 20 58 68 54 21 35 51 60 31 32 38 47 43 29 40 15 11 29 72 43 76 43 18 60 50 13 34 38 72 78 60 13 38 44 50 50 69 5 62 56 71 26 62 62 55 82 90 28 78 26 31 14 40 12 43 44 34 51 25 2 20 38 34 11 47 69 65 33 16 34 38 82 59 23 90 57 79 30 31 82 44 45 9 24 51 9 39 43 86 43 74 9 57 49 36 49 45 33 46 28 45 50 43 76 58 40 52 69 45 33 49 39 50 57 44 41 1 50 41 50 45 59 62 58 30 70 61 61 41 39 37 66 67 38 9 40 37 38 74 28 16 82 44 38 11 36 24 58 54 52 64 12 61 50 65 49 59 73 27 61 79 31 25 55 34 45 45 48 18 56 67 6 9 30 38 72 4 35 59 67 69 79 71 36 39 20 30 46 28 10 30 72 39 29 30 49 38 14 72 29 78 18 78 57 63 74 55 26 72 16 15 11 65 21 73 43 53 79 52 55 19 50 21 11 63 54 61 40 32 50 60 6 53 36 88 28 44 57 29 34 94 64 
76 31 85 82 67 40 72 71 52 50 93 78 79 78 42 102 116 33 87 110 108 105 41 65 61 45 82 76 98 9 70 82 61 63 61 60 76 70 67 23 11 73 68 82 59 90 83 37 86 55 82 28 85 30 77 30 7 10 55 18 84 61 91 81 74 66 37 114 58 100 82 74 43 47 91 45 13 35 49 81 47 92 9 81 103 9 28 4 51 99 11 93 83 87 99 66 85 68 71 6 43 33 88 28 91 72 82 69 113 91 108 37 31 85 10 79 41 35 75 90 48 53 53 31 56 68 96 81 83 120 79 38 69 87 79 57 50 60 77 52 91 101 54 31 58 73 63 45 118 25 80 69 12 62 47 73 89 92 48 58 37 84 88 66 57 24 78 54 20 105 83 17 85 90 25 47 78 48 75 64 73 16 75 73 79 85 14 77 78 26 14 78 15 65 100 73 96 70 43 107 79 65 10 47 57 52 33 66 95 61 56 16 96 85 62 18 62 56 95 16 95 77 81 16 71 29 45 55 16 46 28 69 75 91 89 44 39 33 45 88 91 27 82 44 79 8 95 53 28 66 50 15 87 
41 63 15 23 55 56 57 41 59 45 55 21 74 84 70 13 27 67 74 29 32 45 57 59 36 51 29 27 37 86 60 92 47 33 63 67 18 50 40 83 90 60 27 34 49 64 64 78 14 79 52 81 39 78 60 71 95 104 40 89 39 38 3 55 29 60 59 28 55 28 17 24 52 47 9 55 83 74 46 30 48 50 97 75 9 103 69 92 44 39 94 56 60 19 29 52 10 55 59 100 59 90 8 69 62 37 64 62 27 59 14 58 64 57 91 55 54 63 85 58 48 54 47 64 74 45 52 18 64 36 66 57 75 77 55 40 87 64 59 58 51 45 83 84 55 22 57 50 31 84 25 25 94 61 55 21 27 13 64 71 68 80 21 62 54 81 46 64 88 10 76 90 45 15 70 48 60 53 47 34 55 79 21 25 45 52 84 19 32 75 81 85 94 88 45 38 4 32 63 13 26 47 87 49 38 46 62 54 14 89 39 94 1 94 74 76 91 72 35 87 5 18 26 78 38 89 60 58 91 69 67 36 66 10 20 80 71 77 51 24 63 71 21 61 33 102 16 61 69 34 45 106 79 
17 44 58 62 2 49 6 69 69 33 28 55 22 29 25 55 65 33 27 54 51 42 54 3 51 49 29 29 38 57 5 37 65 32 79 11 48 7 63 69 68 85 36 72 64 25 19 74 43 25 85 71 25 37 88 35 70 76 41 72 23 52 54 15 28 3 35 61 70 45 39 52 38 37 49 57 53 69 37 28 34 27 62 23 60 73 54 66 37 38 72 27 17 39 43 74 49 3 6 72 24 44 49 56 26 65 18 6 61 26 65 44 43 19 57 86 34 54 29 24 31 64 55 39 20 69 31 39 19 65 16 45 19 28 86 48 34 80 87 14 26 38 29 40 9 39 3 40 64 72 62 43 73 5 22 43 72 64 70 15 29 28 38 82 68 43 78 75 49 66 26 72 22 64 44 36 13 58 76 28 81 58 38 34 17 20 64 39 67 39 54 30 57 31 36 67 60 59 23 64 31 11 56 48 46 25 45 2 47 33 44 56 57 40 18 52 35 18 36 51 54 49 31 54 19 45 21 70 73 21 52 21 13 61 39 30 27 35 49 69 25 58 36 63 69 70 68 13 54 55 44 81 30 
60 27 42 36 62 16 68 22 6 30 82 35 84 89 54 66 81 41 89 79 80 85 12 64 20 14 58 50 76 44 68 96 11 36 17 66 38 61 18 31 42 26 37 33 9 85 81 23 53 71 33 27 67 52 30 44 48 57 23 38 66 18 53 73 49 64 33 81 9 73 50 32 25 25 56 6 44 19 26 58 29 78 56 85 65 58 23 46 26 78 45 83 78 57 72 17 47 64 68 53 43 64 52 22 85 23 80 69 80 83 69 22 28 78 52 31 30 16 87 81 32 3 9 33 68 18 82 49 81 89 79 21 77 91 31 18 73 17 30 51 78 82 73 58 54 40 60 23 85 31 34 33 45 63 42 37 41 47 9 67 47 90 60 21 8 50 28 12 55 64 88 39 70 45 34 26 74 4 25 40 25 34 42 44 65 75 36 45 30 45 39 89 57 83 81 23 55 24 47 69 52 54 47 14 20 37 25 61 62 81 21 57 57 99 72 35 83 66 73 51 58 37 55 36 53 61 46 8 40 56 24 50 76 48 59 64 52 53 14 41 85 23 52 7 30 58 50 55 23 21 18 57 92 
65 38 37 29 68 27 74 11 11 37 87 31 91 97 64 63 78 52 96 78 79 86 23 71 20 24 60 52 77 56 75 105 5 40 12 74 36 67 11 42 53 16 39 23 5 90 87 31 51 81 21 38 70 63 19 55 59 68 28 49 69 18 49 78 52 72 43 79 5 72 50 29 35 33 54 18 56 29 33 60 37 82 68 93 60 70 36 58 33 79 57 87 83 57 72 5 44 70 75 65 52 76 49 34 90 15 86 76 78 88 64 33 40 83 64 19 40 29 96 86 40 9 15 44 77 7 86 49 87 86 85 32 86 98 19 22 84 13 18 60 82 84 83 69 62 40 67 32 82 42 27 33 56 70 51 37 32 41 17 76 58 97 60 13 5 61 16 13 67 58 95 50 74 39 46 35 81 15 13 44 13 46 43 45 70 79 48 45 21 56 52 98 69 93 83 14 51 19 57 64 54 60 59 23 24 45 36 68 60 91 25 70 52 108 81 47 93 76 74 63 55 35 56 49 58 73 55 8 51 66 36 54 83 43 59 74 62 64 24 33 90 35 53 18 21 70 43 64 36 19 26 68 99 
26 70 41 50 41 68 41 66 79 51 29 44 53 64 65 19 23 67 51 11 9 15 71 46 54 64 18 25 8 91 44 72 68 39 85 54 38 36 63 95 99 85 36 61 70 39 42 93 22 67 79 94 18 76 86 71 102 110 52 100 20 56 29 34 27 46 63 18 77 2 23 45 59 56 22 71 87 89 54 18 54 24 99 53 26 108 79 99 52 10 103 30 38 16 1 76 30 41 43 105 57 85 26 80 37 61 42 46 18 34 29 67 70 34 93 82 59 75 66 33 52 74 64 69 63 69 25 24 42 22 45 66 58 54 82 55 77 86 85 52 26 16 72 80 47 34 45 59 21 97 51 41 103 48 53 36 56 43 83 58 66 58 13 86 75 80 73 84 88 33 55 100 23 44 74 55 40 70 72 37 80 87 31 30 27 29 93 28 59 75 86 65 95 72 16 63 33 55 59 28 22 37 91 62 53 48 70 41 15 75 53 94 29 73 60 82 77 61 8 88 24 39 20 85 29 85 56 78 101 62 77 30 47 39 14 72 67 74 64 53 38 82 21 78 60 106 45 53 79 54 57 114 57 
27 49 18 25 40 44 43 39 52 31 45 18 60 70 54 21 36 51 62 33 33 40 46 44 27 39 17 13 31 72 45 78 41 18 58 51 11 35 36 71 77 58 12 36 43 52 52 68 6 64 53 70 28 62 60 55 82 90 27 77 28 29 13 42 14 45 44 35 50 26 4 18 38 33 11 45 69 64 32 18 33 40 82 61 23 89 56 78 30 34 81 46 48 11 26 49 8 40 45 86 43 74 8 57 51 34 51 47 34 48 28 45 49 45 76 56 39 51 70 47 33 47 38 50 59 42 43 4 52 42 52 44 60 64 56 29 71 59 59 42 41 39 67 68 39 8 41 36 39 73 25 14 81 46 39 9 33 22 56 55 52 66 14 59 48 65 47 57 73 26 63 78 33 23 55 34 47 44 46 18 53 66 6 9 32 40 71 3 33 59 67 71 79 73 39 36 19 28 47 27 12 31 72 37 27 30 48 39 15 74 27 78 17 80 59 62 76 57 29 72 15 12 13 64 23 73 44 51 79 53 54 21 52 19 13 64 55 62 39 30 52 59 8 52 34 88 26 45 56 27 33 93 66 
46 81 36 45 61 76 62 63 81 62 52 42 76 87 83 11 5 82 74 14 19 36 77 66 57 71 35 38 31 103 65 94 68 49 85 75 39 56 62 103 109 81 44 55 70 62 65 98 26 88 72 101 40 92 81 86 114 122 59 109 41 59 24 56 40 66 76 9 77 21 30 45 70 65 21 76 100 94 64 36 65 47 113 76 12 121 88 110 62 32 113 53 61 26 23 74 29 61 64 118 73 103 25 88 60 58 65 67 8 57 10 76 81 57 107 76 71 83 88 56 64 76 68 81 83 67 47 32 65 15 68 76 80 76 76 60 97 86 80 69 49 38 92 97 65 40 65 68 10 104 46 45 113 69 68 40 47 33 86 79 82 81 26 84 76 96 67 85 103 17 77 110 45 36 87 65 62 74 68 49 76 98 38 40 48 52 103 35 54 90 99 88 110 94 38 60 23 54 76 10 35 56 104 69 58 61 80 62 18 96 59 109 20 96 81 94 98 81 31 103 18 39 34 96 47 102 73 79 110 80 86 46 69 31 25 91 84 91 71 44 61 91 31 82 54 119 34 71 88 55 64 125 79 
64 57 22 13 73 46 78 14 36 48 84 21 95 104 77 48 60 68 98 64 67 78 44 77 27 41 56 49 69 78 79 112 24 43 34 82 28 70 18 66 77 27 39 3 26 90 89 56 42 92 17 62 66 80 26 72 83 92 37 74 66 27 34 79 50 77 58 63 30 62 42 23 49 46 41 39 77 54 45 56 49 78 90 97 43 93 57 81 44 71 81 84 85 48 62 23 33 74 79 89 65 93 37 57 89 13 88 81 62 87 46 51 58 83 85 21 54 50 103 85 51 33 32 62 87 18 81 42 89 70 88 50 93 100 21 32 97 35 25 69 79 77 95 86 69 36 73 46 65 66 13 31 80 77 62 33 9 22 42 85 72 102 52 31 30 80 13 38 86 39 99 75 72 20 65 47 83 36 14 47 22 69 39 43 69 78 72 39 8 74 73 104 90 103 77 12 33 17 69 46 50 64 80 39 33 53 55 72 48 102 35 90 36 114 90 68 104 86 66 83 40 27 51 70 58 91 67 33 76 78 57 55 87 25 50 88 76 81 41 11 90 58 47 42 6 93 22 73 57 22 39 93 103 
45 21 66 66 34 32 38 64 53 28 60 60 47 48 9 76 89 7 54 81 79 73 36 31 47 35 53 48 67 25 36 53 55 39 64 27 56 37 58 41 37 74 45 71 54 57 50 50 60 26 79 44 54 6 78 4 38 43 37 42 52 48 69 47 46 32 16 86 57 71 56 56 25 29 66 41 21 46 29 52 26 59 30 49 79 40 29 34 31 68 40 60 49 60 69 64 62 35 38 39 13 19 64 31 58 62 49 36 86 58 84 26 20 52 25 78 21 33 45 56 25 51 45 15 24 62 63 55 50 92 46 27 37 55 78 42 25 64 77 19 58 69 26 12 25 50 30 28 90 44 65 49 41 29 17 51 76 73 52 26 4 52 60 69 55 11 72 58 18 82 51 42 53 72 16 27 45 44 70 38 72 28 50 47 47 52 34 53 67 7 23 48 25 38 67 64 74 57 11 83 51 33 23 37 42 26 23 33 68 35 40 24 73 56 30 22 36 24 64 19 71 57 52 23 41 17 14 55 42 13 27 40 42 71 61 16 6 6 35 73 58 33 55 45 68 38 77 20 29 52 36 48 55 
78 34 88 85 68 43 72 75 56 53 94 81 79 77 42 104 119 35 87 112 110 106 45 65 65 49 84 78 100 12 70 81 65 65 65 60 80 71 71 27 15 77 71 86 63 91 84 41 88 54 86 32 87 30 81 32 10 9 58 22 85 64 94 81 76 66 39 117 62 103 85 77 46 50 94 49 15 39 51 83 50 93 6 81 106 6 31 9 54 101 14 94 83 90 101 70 88 69 72 6 45 31 91 32 92 76 83 69 116 92 111 40 34 86 9 83 44 38 74 90 51 57 57 34 55 72 97 83 84 123 80 41 68 87 83 60 49 65 81 53 92 102 53 30 59 76 64 48 120 29 84 72 16 63 49 76 93 95 52 58 38 83 91 70 61 24 82 58 19 108 83 21 86 93 28 50 79 52 79 66 77 20 77 75 80 86 18 80 82 27 17 77 13 64 101 77 99 74 44 110 81 66 11 51 61 55 36 67 97 60 59 14 99 84 61 22 60 56 97 16 98 80 83 19 73 28 47 59 20 46 32 71 75 94 91 43 39 33 49 92 91 31 84 48 83 4 98 54 31 69 53 15 87 
24 40 61 65 9 47 12 70 68 32 34 58 23 28 18 61 72 28 29 61 58 49 52 5 52 47 35 34 45 51 10 35 65 34 78 5 51 14 64 65 63 85 39 74 64 31 24 71 48 18 86 67 32 31 88 30 65 69 42 67 30 53 59 21 32 6 32 68 70 52 44 55 36 36 54 55 47 66 36 34 33 34 56 25 66 67 50 60 36 45 67 34 23 45 50 74 54 10 11 66 20 37 54 52 31 67 23 9 67 32 71 42 39 26 51 86 32 52 27 30 30 64 55 35 13 70 38 44 24 72 20 42 16 30 86 48 27 79 87 10 33 45 22 33 8 43 5 38 71 68 65 46 67 2 19 46 75 68 68 9 23 29 44 82 67 37 79 73 43 71 27 67 29 67 39 35 18 57 77 30 82 53 42 38 24 27 59 43 69 34 49 28 50 27 43 69 65 60 18 70 36 15 50 48 47 25 42 9 53 27 45 49 63 38 13 47 29 11 43 45 59 53 37 49 24 37 17 69 68 14 48 25 16 65 45 22 21 28 47 72 31 54 41 61 71 64 72 7 50 56 44 75 31 
35 33 66 69 21 42 25 70 63 31 47 61 32 33 6 70 82 19 39 72 70 62 47 18 52 44 45 42 57 40 22 39 63 38 75 12 56 26 64 56 52 83 44 76 62 43 35 64 56 13 86 58 44 18 86 19 53 57 42 57 42 53 66 34 40 19 25 79 67 63 52 58 33 34 62 51 36 59 34 44 31 47 43 34 75 54 42 49 36 57 55 47 35 54 61 72 60 23 24 53 15 24 61 45 44 67 35 21 78 44 80 36 32 38 39 85 28 45 31 43 28 60 52 27 10 69 50 51 35 83 32 37 22 40 85 48 18 75 86 11 45 57 16 20 15 48 17 35 82 59 68 50 56 15 17 51 78 73 63 11 12 37 54 79 64 24 79 69 30 79 36 57 41 72 30 33 31 53 77 35 80 43 48 44 36 40 49 50 71 22 38 34 37 25 56 69 72 62 11 79 45 24 38 45 47 26 35 21 62 24 44 36 70 43 16 37 26 9 55 32 67 57 46 38 33 25 12 65 57 2 40 34 27 71 55 11 9 16 44 76 43 46 49 56 72 51 77 9 42 57 42 63 40 
73 27 62 56 70 23 76 42 20 41 94 55 90 93 54 85 100 41 96 98 98 100 19 71 39 26 74 66 91 32 75 99 32 51 27 70 57 71 39 12 24 39 54 53 30 95 89 4 71 72 49 7 81 47 43 42 30 39 38 19 80 38 72 83 64 72 36 100 26 90 68 52 33 36 75 20 33 1 37 73 38 91 43 92 85 41 17 30 38 93 27 94 87 75 89 34 66 72 76 36 47 58 71 15 95 44 88 76 99 94 89 26 28 88 39 46 36 16 90 92 41 23 28 33 70 38 95 67 89 107 87 26 81 97 46 36 71 26 43 57 91 97 72 53 61 57 67 33 103 11 55 51 26 69 48 56 62 68 14 70 48 96 77 32 26 43 46 20 46 84 94 20 83 66 30 36 83 22 43 54 40 21 60 60 78 86 20 63 51 40 28 93 46 84 96 44 76 45 50 89 68 64 35 28 38 47 25 69 80 81 38 46 77 102 75 25 82 69 88 41 78 57 71 26 66 54 50 23 21 58 19 63 83 69 76 62 51 50 26 62 95 13 69 14 51 42 71 60 17 42 33 38 98 
50 91 51 60 64 87 63 78 95 72 48 57 74 85 88 24 11 90 71 12 15 29 90 69 70 83 40 46 29 113 66 92 83 60 99 77 52 59 77 114 120 97 55 70 85 58 63 112 38 90 88 113 41 99 97 94 124 132 70 120 43 72 38 56 48 69 85 9 91 22 41 59 80 76 34 89 109 107 75 41 75 44 122 74 28 130 99 120 72 29 124 49 59 35 24 89 43 64 65 127 80 109 38 100 56 73 63 68 9 53 26 87 91 55 116 92 81 95 87 53 74 90 81 91 86 82 43 42 63 1 66 87 80 73 92 73 100 101 96 75 46 33 95 103 70 51 68 79 6 116 61 57 124 72 76 53 63 49 99 81 89 78 33 99 90 103 83 100 111 33 75 121 45 51 96 76 62 87 83 58 91 108 49 50 50 50 114 46 69 98 108 86 117 95 34 75 38 68 82 26 43 60 113 81 71 69 91 65 28 98 71 117 36 93 83 104 99 84 30 111 32 53 41 106 52 108 79 93 122 85 97 53 69 46 33 95 90 97 83 60 57 102 40 95 70 128 50 76 99 69 76 135 76 
30 33 62 65 16 41 21 67 62 28 43 57 30 33 10 65 77 20 37 67 64 57 46 13 49 42 40 37 52 43 18 40 61 34 73 10 52 21 61 57 55 81 39 72 60 39 32 64 51 17 83 60 38 22 84 21 56 61 39 59 37 50 61 30 35 14 25 73 65 57 47 54 31 32 57 50 39 59 32 39 28 42 48 32 69 58 43 52 33 52 58 42 31 49 55 70 55 18 20 57 13 30 56 45 40 64 31 18 73 40 75 35 32 34 42 83 26 45 31 38 25 59 50 27 12 67 46 46 32 78 28 36 22 38 83 45 23 73 83 6 41 52 20 25 9 44 12 33 77 60 64 46 59 11 14 46 74 68 62 11 14 36 49 77 63 28 76 68 34 74 34 59 36 68 31 30 27 52 74 31 78 45 43 39 31 35 51 45 68 25 41 34 42 28 51 66 67 58 10 74 39 19 41 43 44 22 35 16 57 27 41 41 65 43 16 39 29 11 49 36 62 53 41 40 28 30 10 64 59 6 41 28 24 66 49 16 13 20 42 72 40 47 44 55 69 55 73 3 43 54 40 66 38 
54 72 97 101 41 81 37 106 102 68 48 93 22 11 43 91 98 57 26 86 82 67 85 36 88 82 66 68 68 73 35 5 100 70 113 31 87 45 100 92 86 121 75 110 100 38 33 102 81 26 122 96 58 52 124 56 86 87 78 92 57 89 92 41 66 36 64 93 105 77 78 91 71 72 86 90 69 97 72 65 68 52 72 22 97 83 81 82 72 67 89 47 37 76 75 110 88 40 35 84 53 47 87 83 40 103 33 33 93 43 101 75 70 41 69 122 66 84 10 43 65 98 90 65 28 106 53 77 33 95 30 75 20 24 122 84 29 113 123 45 50 63 26 49 44 78 40 73 96 96 101 82 90 36 54 82 111 102 102 29 50 18 74 117 102 57 115 107 59 103 21 92 52 102 67 70 36 91 113 66 117 79 77 72 50 46 85 78 106 58 73 10 65 14 62 105 98 97 49 100 69 50 71 82 83 61 73 41 83 18 81 64 95 7 24 74 18 29 67 64 91 88 69 74 57 50 50 104 92 40 79 59 29 99 76 36 46 49 82 108 39 84 74 95 107 80 106 41 81 92 79 93 21 
11 44 34 40 22 43 26 51 57 25 32 33 43 52 40 33 45 41 45 37 35 34 46 27 34 40 9 5 26 64 28 60 49 15 66 34 25 18 46 68 72 69 15 51 50 37 35 69 19 47 66 68 16 50 71 44 75 83 28 73 15 36 30 26 4 27 36 42 57 28 15 31 33 30 25 47 60 64 28 9 28 27 72 44 37 81 52 72 27 28 76 33 31 16 26 58 25 23 27 79 31 61 25 54 36 46 35 30 42 34 42 41 43 30 67 68 32 50 53 32 26 52 42 42 42 52 31 15 35 48 35 40 43 47 68 33 55 67 70 27 28 32 51 55 23 17 24 33 46 71 40 23 76 28 27 21 50 40 60 38 40 49 17 68 54 54 59 63 62 42 46 74 20 40 48 29 30 47 58 11 64 60 15 11 16 25 67 15 47 49 60 53 68 55 30 48 36 39 34 41 7 14 64 38 31 21 43 22 25 57 30 68 33 63 42 56 59 40 23 61 30 27 9 58 5 60 30 57 74 38 51 4 35 37 17 49 41 49 40 46 37 56 12 54 48 79 44 29 52 36 33 87 50 
37 17 38 37 37 13 43 35 31 5 59 31 59 65 33 54 69 23 64 64 63 64 17 39 18 11 38 30 56 39 43 72 28 16 42 41 29 37 29 39 45 48 21 42 28 61 56 40 38 48 51 39 45 35 52 27 49 57 8 45 44 18 43 49 29 40 14 67 33 55 35 27 5 1 43 19 37 35 1 38 4 55 50 61 55 57 24 46 3 57 49 59 53 41 54 38 37 39 44 53 20 49 40 25 61 33 55 44 67 59 60 12 17 53 45 50 9 20 63 57 7 27 18 18 45 34 59 33 56 74 54 11 53 66 50 13 52 42 51 27 55 61 51 41 30 25 35 4 71 42 36 22 49 38 18 25 46 45 33 43 28 65 42 45 31 36 44 37 43 57 63 46 47 44 23 2 50 20 42 18 45 33 27 26 42 51 39 30 37 30 34 65 48 60 60 34 48 28 25 59 33 29 40 11 12 13 16 36 47 59 10 48 48 75 48 30 61 43 53 41 47 29 35 32 30 46 23 32 46 34 22 27 51 44 42 43 31 36 11 44 61 27 35 26 39 55 49 31 24 23 7 60 67 
37 18 57 58 28 27 34 56 48 19 55 51 45 48 11 67 80 6 52 72 70 66 31 27 39 29 44 39 59 30 32 55 49 29 60 25 47 31 51 42 41 68 36 63 48 53 46 49 51 28 72 44 46 16 72 9 43 49 29 45 45 40 59 42 37 28 10 77 52 63 47 47 18 21 57 36 26 44 21 43 18 53 37 47 70 47 28 39 23 60 45 54 45 51 61 58 53 30 33 45 4 28 55 30 53 54 45 32 77 53 75 21 17 47 32 71 13 30 46 51 16 45 38 12 26 55 57 46 46 83 43 21 37 53 71 35 31 60 71 13 52 62 30 21 19 41 25 21 81 45 57 40 45 25 9 42 67 64 48 26 6 51 52 64 50 19 65 54 26 73 49 45 46 63 16 19 41 38 63 28 66 30 41 38 40 47 37 44 59 13 27 48 33 41 60 56 65 49 5 74 42 26 29 30 34 16 20 27 59 39 32 32 64 58 30 25 40 25 57 26 62 48 44 26 33 26 6 50 45 14 26 31 39 62 52 22 10 15 29 65 53 32 46 41 60 45 68 16 28 44 28 54 54 
35 43 12 16 45 36 49 28 41 26 55 8 67 75 54 30 45 49 69 43 44 51 37 49 17 31 27 20 42 66 51 83 30 16 47 55 2 41 25 63 70 47 11 27 32 61 59 59 16 66 43 61 38 60 49 53 75 84 20 69 37 19 17 50 21 49 40 45 39 37 15 7 32 28 19 36 64 54 27 27 29 50 77 68 29 84 49 72 24 44 74 55 55 22 37 38 11 46 51 80 42 73 15 49 60 24 59 52 44 57 34 38 44 54 72 45 35 43 75 56 29 36 28 45 61 31 53 14 59 52 59 37 65 71 45 20 73 49 48 43 51 50 70 66 42 7 46 30 48 64 16 5 74 50 38 4 26 19 46 58 51 73 25 48 37 62 36 47 70 30 70 70 43 18 50 28 54 34 35 19 43 59 9 13 40 49 64 10 23 56 61 76 75 76 49 26 21 17 46 33 21 36 67 29 18 29 42 44 25 77 19 75 21 86 63 56 78 59 39 68 22 3 22 59 29 71 43 41 71 54 47 26 58 17 24 65 54 60 31 22 60 51 18 42 24 82 23 47 49 16 25 86 74 
52 31 77 78 39 43 43 75 63 39 65 71 47 45 13 85 98 18 55 89 87 79 46 35 58 46 61 57 74 26 40 49 66 49 74 29 67 43 69 47 40 84 55 82 65 60 52 57 70 22 89 51 61 6 88 14 39 42 49 46 59 59 79 52 55 36 27 95 67 79 66 67 36 40 76 52 23 53 41 60 37 64 27 49 89 38 37 35 42 75 42 64 53 69 78 74 73 40 41 38 23 8 75 40 61 73 51 39 94 62 94 36 30 56 23 88 32 43 42 60 36 61 56 25 23 73 68 65 52 100 48 37 36 55 88 54 18 74 87 26 63 75 21 2 32 60 35 40 98 50 77 60 43 33 27 62 87 84 61 26 14 51 69 79 66 11 83 67 13 93 51 46 59 83 24 39 48 54 81 48 82 34 61 57 53 57 38 63 78 13 27 45 20 32 74 75 85 69 20 93 60 41 24 48 53 36 33 38 77 29 51 19 83 52 29 28 29 24 72 17 81 68 61 28 49 7 23 65 45 16 36 49 44 82 70 11 12 5 46 85 61 40 64 55 79 35 88 26 37 64 47 47 54 
37 29 25 24 42 21 48 25 30 15 59 18 65 72 44 44 59 36 69 56 56 60 23 45 7 16 34 26 51 52 49 80 22 13 38 50 17 40 20 48 55 42 13 30 23 63 60 45 29 59 42 46 43 48 45 40 60 69 5 54 42 9 32 51 25 46 27 59 29 49 26 14 18 14 33 22 49 40 13 34 16 55 63 67 44 69 34 57 11 53 59 60 56 33 48 31 25 44 49 65 32 61 30 34 63 22 59 50 58 61 49 23 29 56 57 42 22 28 71 59 18 25 15 31 54 26 59 25 60 66 59 22 61 71 42 6 64 39 44 36 55 58 62 54 37 16 42 16 62 50 23 10 59 45 29 14 34 32 34 52 40 71 36 41 27 49 35 36 56 45 69 55 47 31 36 15 54 21 33 17 38 44 18 19 43 52 49 21 25 43 47 73 61 70 57 24 36 16 36 48 28 33 53 14 4 20 27 41 39 69 4 61 36 83 57 42 71 53 48 54 37 17 30 44 30 59 34 30 56 45 32 27 57 31 35 55 43 48 16 31 63 36 28 29 27 68 36 40 34 11 10 71 73 
51 93 52 60 66 89 65 79 95 74 50 57 76 87 90 25 11 91 73 14 17 31 91 71 71 84 42 48 31 114 68 94 84 61 100 79 53 61 77 116 121 97 56 71 85 60 65 113 39 92 88 114 43 101 97 95 125 133 72 122 45 73 39 58 50 71 86 9 92 24 42 60 81 77 35 90 111 108 76 43 76 46 123 76 28 132 100 122 74 31 125 51 61 36 25 90 44 65 67 129 82 110 39 101 58 74 65 70 10 55 26 89 93 57 117 92 82 96 89 55 75 90 82 92 88 82 45 43 65 3 68 88 82 75 92 74 102 101 96 77 48 35 96 105 72 52 70 80 6 117 62 58 125 73 77 54 63 49 100 83 90 80 35 99 91 105 83 100 112 33 77 122 47 51 98 77 64 88 84 59 92 110 50 51 52 52 115 47 69 99 110 88 119 97 36 75 38 69 84 26 45 62 114 82 72 71 92 66 29 99 72 118 36 95 85 105 101 86 32 112 33 54 43 107 54 110 81 94 123 87 99 55 71 47 35 97 91 99 84 60 59 103 42 96 70 130 50 78 100 70 77 136 78 
33 23 56 58 23 31 29 58 52 20 50 51 41 44 10 64 77 11 47 69 66 61 35 22 40 32 40 36 55 35 27 51 51 28 63 21 46 26 52 47 46 71 34 64 50 48 41 53 49 25 74 49 42 18 74 14 48 54 30 50 40 41 58 37 34 23 14 74 55 59 45 47 21 22 55 39 31 49 22 40 19 48 42 43 67 52 32 44 24 56 50 49 40 48 57 60 51 25 28 50 3 30 53 35 48 55 40 27 73 48 73 25 21 42 36 73 16 34 42 46 17 48 40 17 22 57 52 43 41 79 38 25 32 48 73 36 30 63 74 8 47 57 28 23 14 39 19 23 78 50 57 39 50 20 6 41 67 63 51 21 8 46 48 67 52 23 67 57 30 71 45 50 41 62 21 21 36 41 65 26 68 36 39 36 35 42 42 42 60 18 32 44 37 37 56 57 63 50 2 72 38 21 34 33 35 15 24 22 56 36 33 36 62 54 26 30 38 21 52 30 60 47 40 31 29 28 1 53 50 11 30 28 34 61 49 21 10 17 32 65 48 36 43 45 61 49 67 11 32 45 30 59 49 
40 14 57 57 32 24 38 55 45 19 59 51 49 52 14 68 82 3 56 75 73 69 28 31 38 27 47 41 62 27 36 58 47 30 57 29 47 35 49 38 37 65 36 62 45 57 50 45 53 32 70 40 49 15 69 7 39 46 28 41 48 39 60 46 39 32 7 80 49 65 49 47 16 19 59 33 23 40 20 46 17 56 35 51 71 44 24 35 22 63 41 58 49 53 64 55 54 34 37 42 8 28 56 26 57 53 49 36 79 57 76 18 13 51 29 69 11 26 50 55 16 43 36 8 29 53 60 47 50 85 47 18 41 57 69 33 33 57 69 17 56 65 33 21 23 41 28 19 83 41 56 40 41 29 11 43 67 64 44 29 8 55 54 61 47 17 64 50 25 74 53 41 49 63 12 18 45 35 61 30 63 26 42 39 43 50 33 45 58 11 23 52 31 44 64 54 66 48 9 75 44 29 26 28 33 18 16 31 61 42 31 30 65 61 34 21 43 28 60 24 63 48 46 22 35 26 10 47 41 17 22 34 43 63 54 24 12 15 27 64 57 28 48 38 59 42 68 20 24 43 27 50 58 
59 65 14 13 70 55 74 28 50 51 76 19 92 101 80 34 45 73 93 50 53 67 54 75 34 50 48 44 58 87 76 109 37 42 50 81 24 66 30 79 88 43 37 17 39 83 83 70 33 92 33 75 59 85 43 77 94 103 42 86 59 34 22 73 45 75 64 48 45 50 35 23 55 51 30 51 86 67 50 49 53 70 99 93 28 104 67 92 48 61 92 76 79 39 51 39 24 71 76 99 68 98 27 67 82 25 83 78 47 79 30 59 66 76 94 37 59 61 101 78 54 46 42 68 88 33 73 35 83 55 84 58 91 95 37 39 99 51 42 70 72 67 96 91 68 33 72 52 50 79 15 31 92 76 64 30 8 9 56 85 76 98 42 48 44 86 29 53 93 23 95 87 64 9 73 52 78 48 31 46 38 79 34 38 63 71 83 33 18 80 82 102 98 102 67 25 19 25 72 30 43 61 89 48 38 55 63 70 36 103 40 98 22 111 89 77 105 86 56 91 27 23 44 79 54 96 69 48 88 80 67 51 83 13 41 91 80 85 50 7 83 69 39 55 18 103 6 73 67 29 46 104 98 
27 58 23 32 41 54 43 48 62 39 41 26 60 70 60 13 27 59 60 23 24 33 56 46 37 49 15 15 24 80 46 78 51 26 68 54 20 36 45 81 86 67 21 43 52 49 50 78 4 67 61 79 24 69 68 63 91 99 37 87 25 39 13 40 17 46 52 26 59 17 7 27 47 42 6 55 77 73 41 16 42 35 90 60 17 98 65 87 39 26 91 42 46 4 17 58 12 42 45 94 50 80 8 66 48 43 50 48 25 45 22 54 58 43 84 64 48 61 71 43 41 57 48 58 62 51 38 8 50 32 51 53 61 62 64 39 75 69 67 47 37 32 71 74 43 17 44 45 29 82 33 24 91 48 45 19 39 26 66 58 59 65 7 68 57 72 55 67 80 23 62 87 30 27 64 42 46 54 54 26 62 75 15 16 30 37 81 12 41 67 75 71 86 75 32 45 18 37 53 21 13 34 80 47 37 38 57 41 6 76 37 86 15 80 61 71 78 60 21 79 10 21 12 73 25 79 50 61 88 58 64 24 52 22 6 69 61 68 49 35 48 68 8 62 42 96 29 49 65 37 42 102 65 
33 50 12 20 45 44 48 35 49 32 51 13 66 75 58 22 37 54 67 35 36 45 45 49 25 39 23 18 36 73 51 83 38 20 55 56 7 41 32 71 78 54 14 31 40 58 57 67 9 68 49 69 34 65 55 58 82 91 27 77 33 27 10 48 19 50 46 37 47 30 9 14 39 34 11 44 70 62 33 23 35 45 84 67 21 91 56 79 31 38 82 52 53 16 30 45 3 46 50 87 46 78 7 57 57 30 57 52 36 54 27 45 51 51 78 51 41 51 76 52 35 44 36 51 63 38 48 9 57 44 58 44 65 70 51 28 75 56 54 46 47 44 72 71 44 9 46 37 40 72 20 13 82 51 42 9 28 17 54 60 56 72 19 55 45 68 42 55 75 23 69 78 39 17 57 35 52 42 41 22 49 67 9 13 38 46 72 8 28 62 68 76 81 77 44 32 15 24 50 26 18 36 74 37 26 33 49 44 17 78 27 81 14 86 64 63 80 61 34 74 14 8 18 66 28 76 47 48 79 57 55 26 57 14 17 68 58 65 39 24 57 59 14 50 29 89 21 49 56 24 33 94 72 
43 86 49 58 57 83 56 76 91 67 41 54 67 78 82 22 13 84 64 7 8 22 85 62 66 78 34 40 22 107 59 85 80 54 97 70 49 52 74 110 114 95 50 69 81 51 56 107 34 83 87 109 35 93 95 87 118 126 66 115 36 68 36 49 42 62 79 8 88 16 36 56 75 71 31 85 103 103 69 35 70 37 116 67 27 124 94 115 67 22 119 42 52 30 17 86 40 57 58 122 74 102 35 95 49 71 56 61 9 46 27 82 86 48 110 90 75 90 80 46 68 86 77 85 79 79 36 38 56 6 59 82 73 66 90 68 93 98 94 68 39 26 88 97 63 47 61 74 9 112 59 53 119 65 70 49 62 48 96 74 82 71 28 97 87 97 81 96 104 34 68 116 38 50 91 71 55 83 81 52 89 103 44 45 43 43 109 42 67 92 103 79 111 88 27 73 37 66 76 27 38 54 107 77 67 64 85 58 24 90 67 111 34 86 76 98 92 77 23 104 30 50 35 100 46 102 73 90 116 79 92 47 62 45 28 89 83 91 78 59 50 97 35 91 68 122 49 69 94 66 72 130 69 
50 58 6 8 62 48 66 26 46 43 68 11 83 92 72 30 43 65 85 46 49 61 48 66 27 43 40 36 52 80 68 100 33 34 48 73 16 58 26 73 82 43 28 17 35 76 75 66 25 84 35 70 51 77 44 69 88 97 34 80 51 28 16 65 37 67 56 45 41 44 27 15 48 43 23 45 78 63 42 41 45 63 92 84 25 97 61 85 40 54 86 69 71 32 45 37 16 63 67 93 59 90 20 61 74 22 75 69 44 72 28 52 58 69 86 38 51 55 93 70 46 42 36 61 79 30 65 27 75 52 76 51 82 87 38 32 90 49 43 61 64 60 87 83 60 24 63 45 47 74 9 22 86 67 56 21 11 4 52 76 68 89 35 47 40 78 29 50 86 22 86 81 57 2 65 44 70 42 30 37 38 72 26 30 55 64 76 25 16 72 75 93 90 94 60 23 15 19 64 28 35 53 82 41 31 47 56 61 30 94 33 90 18 103 80 70 96 77 50 83 22 15 36 72 45 88 61 44 82 71 60 43 75 7 34 82 71 77 43 7 75 63 31 50 17 96 7 65 61 23 38 98 90 
71 51 35 26 77 40 83 10 23 47 92 31 100 107 76 62 76 64 104 78 80 89 36 80 28 36 65 58 80 70 84 115 16 47 18 84 38 75 15 54 66 10 45 16 17 97 95 43 53 92 8 50 75 76 11 68 72 81 37 62 75 26 48 85 57 81 55 78 17 74 53 31 46 44 54 31 69 42 44 65 48 87 81 102 58 83 49 71 43 82 69 93 91 60 74 9 45 79 84 78 64 89 50 47 97 15 94 85 77 94 61 46 53 90 77 7 51 42 106 93 50 22 26 57 88 9 91 52 95 85 94 45 96 106 7 31 95 19 10 70 88 88 94 82 72 44 77 43 80 54 25 38 68 80 62 41 25 37 28 86 70 106 63 15 18 74 4 23 80 55 104 63 80 35 59 46 89 28 3 52 5 59 47 50 76 86 61 49 17 69 65 108 83 104 87 12 48 21 68 61 59 68 72 34 33 54 49 76 61 103 35 83 51 118 91 60 104 86 77 76 54 36 60 62 64 86 66 20 64 77 49 61 92 40 62 86 74 77 36 27 97 48 57 31 16 83 38 74 49 24 36 81 108 
58 32 81 81 45 44 49 77 64 43 71 75 53 50 19 91 104 21 61 95 93 86 47 42 62 48 67 63 81 23 46 54 68 54 75 36 71 50 71 44 36 85 60 85 66 66 59 56 76 28 91 49 67 9 89 17 35 36 52 43 66 62 84 58 61 43 30 101 68 85 71 71 39 43 82 53 20 52 44 66 41 71 21 55 94 32 37 31 46 81 38 71 59 75 84 76 77 47 48 33 28 6 80 39 67 76 58 45 100 68 99 38 31 62 18 90 35 43 47 67 40 62 58 27 29 75 74 70 59 106 55 39 42 61 90 57 22 74 89 32 69 81 26 4 38 65 41 42 104 47 80 64 39 39 33 67 90 88 61 33 19 57 75 79 67 9 85 68 8 98 57 42 65 87 25 42 55 56 83 53 84 31 66 62 60 64 35 68 81 15 24 50 14 37 80 77 90 72 25 98 65 47 20 50 56 41 35 45 83 33 54 13 88 57 35 27 33 30 78 13 86 72 67 26 55 2 28 66 42 23 36 55 50 86 76 17 17 10 48 88 67 40 70 55 82 29 92 32 37 67 50 42 60 
69 35 87 86 57 46 61 80 64 50 83 81 65 62 30 100 113 28 73 105 103 97 49 54 66 51 77 72 91 17 58 65 70 62 74 48 78 61 74 39 29 85 68 89 68 78 71 52 84 40 93 44 78 18 89 24 25 25 58 36 76 66 92 70 70 54 36 110 69 95 80 77 44 49 90 54 16 49 50 76 47 82 10 67 102 21 37 22 52 92 30 82 71 84 94 77 85 58 60 23 37 15 88 38 79 79 70 57 110 80 108 41 34 74 10 91 41 43 59 78 47 63 60 31 41 77 86 79 71 116 67 42 54 73 91 61 33 73 89 43 81 93 38 16 49 73 52 47 114 42 85 71 31 51 42 74 95 95 60 45 29 69 85 79 67 14 87 67 7 105 69 35 76 93 27 48 67 57 85 61 84 28 74 71 71 75 30 76 85 20 21 62 4 48 91 80 97 76 35 107 75 57 14 53 61 49 37 56 92 44 59 3 96 68 47 25 44 42 89 9 95 79 77 24 65 12 38 66 34 34 36 64 62 93 85 29 28 21 51 93 79 38 79 55 86 18 98 43 37 71 54 31 72 
34 79 49 58 47 77 46 75 88 61 30 53 56 67 72 25 22 76 53 10 6 12 80 52 63 74 27 34 11 99 49 74 78 49 95 60 47 43 72 104 108 94 46 70 79 40 45 103 31 73 88 103 25 84 95 79 111 118 61 109 26 65 37 38 36 51 72 17 86 10 33 54 69 65 30 80 96 98 64 27 63 26 107 56 31 117 88 107 62 11 112 31 41 25 10 85 39 47 48 114 66 93 34 89 38 70 45 51 17 35 33 76 79 37 102 90 68 85 69 35 61 83 73 78 69 78 25 34 45 17 48 76 63 55 90 65 82 96 94 59 28 15 77 87 54 43 51 68 19 106 59 50 112 55 62 46 64 50 92 64 74 60 23 95 84 89 81 94 96 38 57 110 28 52 83 64 44 79 81 46 89 96 40 40 33 33 102 38 67 83 95 68 103 77 16 72 40 64 67 32 31 45 99 72 63 56 79 48 23 80 62 102 36 75 65 91 82 67 14 96 31 48 29 93 37 93 64 87 110 69 86 39 51 47 24 79 74 82 74 61 39 91 30 87 68 115 52 60 88 64 67 122 58 
40 49 78 82 25 58 25 85 79 46 45 74 22 19 21 78 88 34 30 77 73 62 62 20 67 60 52 51 60 52 22 24 79 51 90 12 68 30 79 70 65 98 56 90 78 37 30 79 65 4 101 73 47 30 102 34 65 68 56 71 46 68 76 33 50 20 41 84 82 67 62 71 48 50 71 67 48 74 50 51 46 46 53 24 83 64 58 61 50 59 68 44 32 62 65 88 71 25 23 64 30 29 71 60 39 82 29 20 83 41 88 52 47 36 49 101 43 61 16 39 43 76 68 42 6 84 49 61 30 87 25 52 11 30 101 63 13 91 101 24 44 58 7 28 24 60 22 51 87 73 81 63 69 18 32 63 92 85 79 8 27 25 61 94 80 36 94 85 39 88 25 71 43 84 45 48 28 69 92 47 95 57 59 55 39 39 63 61 85 36 51 19 46 10 56 84 82 76 26 87 53 32 50 60 61 40 51 25 70 10 59 45 80 27 5 51 12 7 58 43 76 70 54 52 41 31 28 81 70 17 56 43 21 82 62 15 23 27 60 89 38 61 58 72 87 61 89 20 58 71 57 74 28 
48 41 16 10 55 31 60 14 30 29 69 9 78 86 59 41 56 50 81 56 57 65 31 59 10 26 41 34 56 64 62 94 17 25 34 64 14 52 11 56 65 33 22 15 19 74 72 49 30 73 30 53 51 63 35 54 70 79 19 63 51 10 27 62 34 59 41 57 26 51 29 7 32 28 32 27 62 45 27 41 31 63 75 79 39 80 44 68 26 59 69 69 68 36 51 24 23 57 62 76 46 76 28 43 73 9 71 63 56 71 43 35 42 66 70 31 36 37 85 69 33 25 19 45 69 17 67 28 72 64 71 34 75 83 31 15 79 35 34 51 64 64 76 69 51 20 55 29 60 57 9 14 68 59 43 17 19 21 35 67 55 84 39 34 25 63 22 34 70 38 81 64 56 19 49 29 66 25 21 29 28 55 23 26 53 62 59 25 11 57 58 86 74 84 63 12 29 3 51 43 35 46 65 24 15 35 39 54 38 84 17 74 31 96 71 53 86 67 54 67 33 13 36 56 41 73 48 28 64 60 43 38 69 22 38 70 58 63 26 17 73 45 33 33 12 79 24 55 44 5 22 81 85 
34 59 77 82 21 66 17 89 87 51 31 74 6 9 33 71 79 45 13 67 63 50 71 18 70 67 46 48 49 66 15 17 84 52 98 16 68 25 83 82 79 104 56 91 83 22 15 90 61 20 105 85 38 44 107 46 80 83 61 84 37 72 72 22 47 17 50 74 89 58 58 72 55 56 66 75 62 85 55 45 52 34 68 8 77 80 69 75 55 48 82 30 18 56 56 93 68 20 16 79 39 45 67 71 24 85 15 14 74 26 82 61 58 23 64 105 51 71 10 26 49 83 74 53 18 89 36 57 15 77 11 61 5 14 105 67 29 98 106 30 32 45 23 44 27 59 21 58 77 86 82 63 83 18 38 62 92 83 87 16 39 10 55 101 87 50 98 93 55 83 9 84 33 83 56 54 16 76 96 48 101 70 57 53 31 27 76 58 87 49 65 10 62 18 44 87 78 78 36 81 49 31 64 67 65 44 60 22 64 22 63 61 75 20 12 64 23 18 48 58 71 69 49 65 38 47 36 88 84 29 67 40 9 80 56 31 36 41 67 88 23 73 54 81 89 77 87 26 69 74 63 89 13 
35 67 26 35 50 62 51 53 69 49 45 31 67 77 70 3 18 68 66 17 19 33 64 55 44 58 23 25 25 90 54 85 57 36 73 63 26 45 51 89 96 71 30 46 59 55 57 86 13 76 64 88 31 79 72 72 100 108 45 96 31 46 13 47 27 55 62 17 65 16 17 33 56 52 8 63 87 82 50 24 51 40 100 67 9 107 74 97 48 28 100 46 52 13 17 63 17 50 53 104 60 90 12 75 53 48 56 56 17 50 13 63 68 49 94 67 57 70 79 49 50 64 55 68 71 56 41 18 57 25 59 62 70 69 67 47 84 75 71 57 42 34 80 84 53 26 53 54 21 91 36 32 100 57 55 27 40 26 73 67 69 72 14 73 64 82 58 74 90 16 69 96 36 27 73 52 53 61 58 35 66 84 24 26 38 43 90 21 44 76 85 78 96 83 34 49 15 42 63 12 23 43 90 56 45 47 67 50 5 85 46 96 12 87 70 80 87 69 24 89 7 27 21 83 34 89 59 67 97 68 73 34 59 22 13 78 71 78 58 36 54 77 18 69 45 106 28 59 74 43 51 111 71 
55 24 75 74 44 36 48 69 56 36 70 68 55 54 18 86 99 15 63 91 89 84 39 41 54 40 63 58 78 17 46 58 60 48 67 36 65 48 64 37 30 77 54 78 59 67 59 48 70 31 83 41 64 5 81 10 30 34 45 36 63 54 78 57 56 42 23 97 60 82 66 64 32 36 76 45 13 45 37 62 34 69 20 57 89 30 29 26 39 78 33 70 59 70 80 68 72 45 47 30 23 14 74 31 68 68 58 45 96 68 94 30 23 62 15 82 28 35 51 66 34 54 50 19 31 67 73 65 59 102 55 31 44 63 82 49 28 66 80 30 68 79 30 8 35 59 40 35 100 40 73 58 34 38 28 60 83 82 53 34 15 59 71 71 59 1 77 60 7 92 59 36 63 80 17 35 55 48 75 48 76 24 60 57 57 63 29 63 74 7 17 54 14 42 78 69 84 64 21 93 61 44 15 42 49 35 27 43 78 38 47 13 83 62 37 19 39 32 75 9 81 66 63 19 51 10 24 58 36 22 28 50 51 80 71 20 15 8 40 81 67 32 65 47 75 28 85 30 29 59 42 39 63 
44 86 47 55 59 82 58 73 89 67 44 52 70 81 83 19 9 84 67 7 10 26 84 64 65 77 35 40 24 107 62 88 78 54 94 72 47 54 72 109 114 92 49 66 79 54 59 106 32 85 84 108 36 93 92 88 118 126 65 115 38 67 34 51 43 64 79 4 86 17 35 54 74 70 29 83 103 102 69 36 69 40 116 70 24 125 93 115 67 25 118 45 55 29 18 84 38 59 60 122 75 103 33 94 52 68 59 64 5 49 23 82 86 51 110 87 75 89 83 49 68 84 76 85 81 77 39 37 59 4 62 81 76 69 87 67 95 96 91 69 42 29 90 98 64 46 63 73 4 111 57 52 118 66 70 47 59 45 94 76 83 74 28 94 85 98 78 95 105 30 71 115 41 47 91 70 57 82 79 52 87 103 43 44 45 46 108 40 64 92 103 82 112 90 30 70 34 63 77 23 38 55 107 75 65 64 85 59 23 93 66 111 31 89 78 98 95 79 25 105 27 48 35 100 47 103 74 88 116 80 92 47 64 42 28 90 84 92 77 56 53 96 35 90 65 123 46 71 93 64 71 129 72 

0 30 24366
0 39 43147
0 58 20451
0 86 55082
0 132 65480
0 150 57442
0 167 50327
0 172 21309
0 191 24146
0 193 12314
0 211 54883
0 232 55838
0 242 63244
1 12 50861
1 16 17026
1 17 56369
1 20 16860
1 59 14005
1 103 58430
1 107 65640
1 116 65606
1 131 58535
1 141 62877
1 142 12602
1 149 28318
1 153 35608
1 160 32123
1 175 28327
1 177 28522
1 178 53563
1 179 44280
1 218 47793
1 222 30189
1 237 48510
1 245 35172
2 11 63642
2 35 27187
2 45 57081
2 85 51056
2 89 33491
2 117 32427
2 129 14656
2 212 22179
2 227 45919
2 247 23552
3 5 53061
3 53 22588
3 67 12853
3 79 30215
3 85 13790
3 95 32886
3 104 12041
3 140 46575
3 144 25246
3 145 36887
3 204 52365
3 237 44219
3 252 66766
4 9 40290
4 30 62076
4 33 66428
4 70 45299
4 74 14962
4 114 30567
4 129 37916
4 132 26626
4 139 53390
4 148 66708
4 183 28543
4 194 22000
4 206 36548
4 208 29080
4 228 53956
4 234 32767
4 235 49444
5 8 42358
5 11 68187
5 17 22945
5 24 27026
5 25 49840
5 38 27750
5 48 29789
5 51 36973
5 54 61665
5 62 60120
5 68 27570
5 77 19615
5 81 51592
5 134 59115
5 160 50703
5 179 49344
5 182 17764
5 224 67553
5 225 44406
5 233 62712
5 251 57316
6 9 21672
6 71 11980
6 74 48918
6 83 63284
6 114 61298
6 125 42016
6 148 37469
6 194 15322
6 232 47008
6 241 23241
6 244 55231
7 27 20742
7 48 15099
7 53 24227
7 177 34484
7 227 32152
7 236 11024
7 237 66794
8 27 20600
8 48 20436
8 49 32976
8 90 22175
8 107 12191
8 109 36337
8 127 13416
8 136 69667
8 146 48561
8 153 31205
8 163 31293
8 170 55558
8 174 24780
8 179 63667
8 217 67473
8 237 37048
8 249 22478
9 17 65567
9 74 47399
9 77 67914
9 103 55697
9 107 27834
9 127 45400
9 144 36781
9 146 28626
9 166 68268
9 168 53429
9 172 58462
9 213 17004
9 222 56936
9 224 14623
10 30 13950
10 96 64717
10 162 68927
10 165 27077
10 171 61511
10 185 68568
10 206 44308
10 208 42042
10 209 47731
10 211 19307
10 235 40050
10 248 24581
11 23 60032
11 24 66981
11 58 10525
11 63 15660
11 65 34866
11 77 69197
11 79 12628
11 85 35676
11 86 13431
11 87 68206
11 104 53917
11 126 39370
11 135 34872
11 140 25960
11 163 20970
11 173 10814
11 186 58150
11 204 58093
11 229 25318
12 39 35702
12 46 10997
12 61 38970
12 70 47374
12 114 32789
12 148 14416
12 183 29091
12 211 49957
12 235 69013
12 244 34983
13 33 53163
13 115 47033
13 120 27042
13 148 11489
13 151 57965
13 208 67364
13 209 23008
13 226 42653
13 230 25486
14 26 34142
14 29 23067
14 74 27711
14 84 57739
14 98 64180
14 155 25580
14 222 26210
14 234 19943
14 246 33789
15 57 32342
15 60 39668
15 82 40649
15 89 55523
15 104 30996
15 196 34564
15 210 34814
15 250 28339
16 60 41515
16 73 37336
16 82 62051
16 88 68505
16 150 32232
16 171 14826
16 186 59482
16 195 52881
16 212 55652
17 26 58347
17 31 11977
17 44 11462
17 68 53811
17 70 13317
17 78 34297
17 84 66332
17 111 36704
17 124 11127
17 131 21638
17 174 61263
17 184 28069
17 202 50238
17 225 22438
17 249 65597
18 39 10715
18 106 61872
18 108 17446
18 120 66110
18 199 55881
18 208 47067
18 209 23732
18 230 17959
18 235 62654
19 36 15302
19 47 29955
19 55 10699
19 57 69338
19 82 48900
19 99 57541
19 117 44505
19 118 65272
19 122 33282
19 186 40638
19 191 28501
19 196 24690
19 204 30500
19 210 58808
19 229 68484
19 231 16235
20 55 52703
20 82 59215
20 117 26820
20 118 19488
20 121 47082
20 150 35151
20 191 14678
20 231 46531
21 93 33363
21 121 33929
21 122 32788
21 147 25856
21 193 14109
21 195 39848
21 206 59765
21 221 68895
21 228 60482
21 250 32761
22 62 51626
22 63 66773
22 81 27729
22 84 59082
22 95 28894
22 124 34498
22 135 14642
22 170 43264
22 175 18758
22 182 53566
22 190 49242
22 197 37080
22 205 35808
22 237 43123
22 239 13782
23 26 32940
23 29 68834
23 30 23696
23 68 56805
23 84 21094
23 94 19502
23 102 49124
23 106 20921
23 114 48296
23 116 39262
23 128 55111
23 129 20108
23 132 13865
23 151 53000
23 166 67160
23 167 42130
23 181 52951
23 185 52040
23 211 45080
23 226 46419
23 241 44935
24 45 65297
24 51 22891
24 53 53727
24 63 14118
24 67 45313
24 124 23632
24 129 66183
24 144 41439
24 166 46815
24 172 64789
24 180 35725
24 182 59864
24 222 59327
24 237 11114
25 52 63551
25 62 20839
25 84 63618
25 95 44313
25 103 57172
25 119 25999
25 124 61526
25 135 58435
25 140 68421
25 153 53378
25 177 37353
25 182 50435
25 202 52088
25 205 66397
25 214 24124
25 219 27821
25 247 24354
26 46 27574
26 50 11861
26 58 66236
26 60 14710
26 61 43793
26 65 29937
26 97 33008
26 106 46788
26 121 28395
26 128 64351
26 164 56036
26 181 67257
26 191 28451
26 196 39123
26 246 60060
26 247 20923
27 32 38581
27 36 33807
27 44 17735
27 52 51149
27 60 31788
27 64 44982
27 65 66803
27 81 16105
27 106 49702
27 113 56839
27 117 31913
27 125 51733
27 144 49432
27 160 30632
27 164 55220
27 172 43598
27 175 66733
27 186 28977
27 190 40217
27 198 42411
27 200 54719
28 36 52667
28 47 53230
28 55 45335
28 82 28994
28 97 30467
28 112 39738
28 117 19749
28 129 22908
28 154 16145
28 165 49470
28 166 45914
28 176 34618
28 181 34645
28 195 43997
28 204 23564
28 210 69487
28 211 34586
28 221 42776
28 231 63083
29 37 10098
29 41 48664
29 54 52231
29 56 55727
29 59 62831
29 91 40414
29 92 54893
29 98 23418
29 142 19605
29 178 41626
29 188 44526
29 219 46449
29 233 23226
29 245 66770
30 71 59152
30 114 66442
30 120 21942
30 125 15624
30 132 63753
30 137 13493
30 162 24866
30 167 30240
30 228 20182
30 235 35536
31 133 55499
31 137 31331
31 185 38141
31 209 67980
32 52 25075
32 72 22395
32 79 54498
32 95 11740
32 107 24473
32 113 69226
32 124 24819
32 126 60652
32 138 65362
32 146 19412
32 160 62049
32 173 38301
32 219 50933
32 239 11527
32 249 20345
33 48 57343
33 78 68007
33 86 68238
33 102 51749
33 111 39046
33 127 52123
33 150 54488
33 154 13980
33 172 30451
33 176 52527
33 190 31356
33 213 15474
33 222 21649
33 237 24894
33 246 54436
33 248 38527
34 51 66395
34 53 20004
34 110 58762
34 136 56923
34 149 38000
34 207 43266
35 38 56327
35 44 44214
35 78 38967
35 84 27421
35 133 33632
35 139 51067
35 165 17646
35 167 65967
35 221 62069
35 230 50734
35 244 46713
36 47 68019
36 77 60961
36 87 51519
36 109 26170
36 160 33376
36 166 41236
37 96 41145
37 114 59365
37 125 65116
37 128 40936
37 162 40388
37 165 39675
37 166 50453
37 183 37446
37 185 59980
37 221 59892
37 226 18347
38 43 42466
38 51 64858
38 63 23787
38 77 14797
38 81 66252
38 124 38571
38 127 30974
38 140 28793
38 144 13323
38 160 52431
38 180 49933
38 190 56447
38 219 35223
38 252 34486
39 51 39651
39 54 27490
39 62 63524
39 110 24827
39 124 69430
39 141 35929
39 159 68950
39 177 46332
39 178 21965
39 189 28978
39 192 32489
39 213 45513
39 219 14498
40 41 40915
40 153 65380
40 184 36911
40 187 29317
40 192 47053
40 216 35018
40 219 60743
41 67 59397
41 90 61232
41 100 34660
41 136 64071
41 140 65045
41 152 22370
41 227 13863
42 48 32803
42 58 34358
42 77 69825
42 89 22994
42 107 32266
42 128 26246
42 154 51664
42 166 50372
42 174 29800
42 175 56393
42 218 12529
42 224 36692
42 246 48823
42 249 19443
43 49 41248
43 100 56485
43 170 55016
43 223 49848
44 53 35429
44 90 17011
44 95 59194
44 105 24803
44 110 37239
44 145 64971
44 146 22583
44 149 17296
44 163 25058
44 177 25947
44 237 57032
44 239 13681
45 96 15856
45 108 46830
45 120 36565
45 125 26128
45 130 25532
45 132 25643
45 147 35630
45 154 55217
45 191 68514
45 209 19514
45 215 28513
45 220 35354
45 221 68253
45 228 44792
45 232 31289
46 70 39866
46 96 30693
46 114 34134
46 120 45426
46 133 22890
46 154 67997
46 209 25257
46 211 32418
46 226 48501
46 232 13657
47 54 35327
47 103 15453
47 146 13496
47 213 58976
47 214 53803
48 64 24834
48 66 34632
48 113 47207
48 117 42009
48 130 54327
48 135 26245
48 164 44376
48 171 35713
48 173 39297
48 176 56510
48 196 62526
48 204 64862
48 252 66602
49 83 14392
49 96 22987
49 139 21199
49 185 20472
49 202 16513
49 220 36423
49 226 61895
49 246 35142
50 53 34054
50 63 46712
50 134 65886
50 143 17630
50 145 47281
50 170 66720
50 239 39992
50 252 44993
51 107 24316
51 110 11721
51 131 26767
51 158 34677
51 159 39837
51 192 45291
51 201 16652
51 213 12915
51 233 62866
52 70 27672
52 93 12103
52 132 40766
52 147 25484
52 162 20643
52 165 10308
52 166 12626
52 167 52130
52 176 12482
52 193 37834
52 209 19922
52 211 26430
52 228 30883
52 242 53057
52 248 55243
53 103 43494
53 119 66270
53 137 24309
53 151 44048
53 178 26779
53 184 61596
53 188 31628
53 218 13075
53 226 10201
53 233 41129
54 67 38023
54 109 22525
54 152 17800
54 240 39462
55 77 17990
55 83 36713
55 92 52613
55 131 24226
55 137 14024
55 155 64002
55 175 35154
55 202 28536
55 213 57640
55 241 60665
55 246 51472
55 248 11049
56 98 54884
56 131 22752
56 205 25548
57 92 40904
57 141 62060
57 153 15150
57 158 17133
57 159 34807
57 216 61639
57 251 19036
58 65 17236
58 103 65542
58 109 62799
58 119 10412
58 124 13169
58 135 66617
58 174 39118
58 175 21134
58 177 56912
58 180 15433
58 182 66716
58 190 58587
58 205 17720
58 223 19682
58 237 16122
59 69 30040
59 131 29119
59 142 61944
59 153 21677
59 161 45708
59 216 23482
60 64 49984
60 108 53310
60 125 39718
60 135 12535
60 150 22906
60 167 40247
60 176 64885
60 181 38597
60 209 58720
60 211 25517
60 215 37054
60 228 49020
61 89 41684
61 90 25820
61 103 34026
61 107 28485
61 110 36536
61 136 13792
61 144 60938
61 145 32982
61 146 18686
61 170 47934
61 177 23421
61 190 17948
61 213 66519
61 233 32876
62 66 48923
62 86 23801
62 97 39212
62 121 54322
63 96 35716
63 115 27205
63 128 64705
63 139 37125
63 162 68637
63 185 51138
63 194 65015
63 206 31946
63 208 59327
63 221 42983
63 235 47796
63 242 33951
63 246 43270
64 65 45658
64 76 62594
64 97 47615
64 125 26125
64 130 12859
64 138 16292
64 139 69683
64 165 16212
64 167 45190
64 182 17698
64 196 67756
64 199 67801
64 204 22323
64 247 27644
65 74 18202
65 78 65133
65 94 48907
65 108 34636
65 114 62006
65 115 63398
65 167 17853
65 183 33465
65 220 45873
65 221 28510
65 234 29844
65 238 18425
65 241 56622
65 242 49246
65 244 42684
66 71 52330
66 78 49399
66 116 51499
66 182 38402
66 224 50562
66 233 18143
66 245 48174
67 82 65206
67 121 12089
67 186 16812
67 196 64331
68 110 43090
68 126 29258
68 145 22279
68 177 12374
68 207 19867
68 219 48106
69 86 15686
69 99 41698
69 117 56119
69 122 29990
69 128 18407
69 172 47936
69 204 55726
69 228 17342
69 229 36499
70 97 31951
70 102 18932
70 117 36321
70 126 28257
70 128 53302
70 181 61483
70 195 12644
70 212 24448
70 229 33356
70 247 15102
71 77 20404
71 86 54937
71 109 35264
71 134 56914
71 144 15006
71 160 32713
71 182 37475
71 204 46939
71 249 53956
72 84 10900
72 103 19793
72 110 66788
72 127 64040
72 155 58567
72 190 34008
72 202 48692
72 223 16813
72 237 47163
72 241 13232
72 247 58172
73 79 23293
73 84 38857
73 103 40749
73 111 38664
73 119 38082
73 124 61082
73 127 66394
73 146 58225
73 174 41272
73 190 54943
73 205 33624
73 219 57127
73 222 67992
74 85 65793
74 88 30056
74 97 21628
74 128 66485
74 138 19556
74 150 39372
74 162 20667
74 166 15700
74 181 39380
74 196 67812
74 229 43785
74 247 66149
75 81 37544
75 103 21583
75 110 32858
75 127 41521
75 134 63738
75 135 18497
75 153 57826
75 177 64310
75 179 52065
75 190 48504
75 197 42449
75 205 31524
75 214 65127
75 223 51127
76 78 67366
76 92 66991
76 98 38251
76 158 52225
76 174 37382
76 178 55605
76 192 20100
76 203 16248
76 216 44266
76 218 67412
77 103 34145
77 107 14651
77 110 40911
77 131 46097
77 153 23170
77 158 40382
77 161 10799
77 189 23114
78 113 52801
78 119 14095
78 126 27435
78 144 47468
78 173 41865
78 174 15825
78 180 66968
78 205 14999
78 224 66372
78 247 64603
79 102 12356
79 108 34203
79 121 52991
79 122 11618
79 128 62133
79 130 40213
79 135 28807
79 154 55836
79 171 50604
79 172 50795
79 242 43924
79 248 23535
80 127 57553
80 129 69242
80 144 60149
80 160 38664
80 163 58525
80 174 52570
80 188 46138
80 218 11408
80 241 32016
80 249 20682
81 102 39914
81 108 14515
81 123 44510
81 129 39141
81 147 38352
81 154 35798
81 162 59891
81 167 49626
81 181 17384
81 183 19459
81 191 18777
81 209 20434
81 211 47817
81 243 60737
81 248 59954
82 91 40320
82 92 17694
82 98 37728
82 142 41993
82 216 43842
82 245 10354
83 112 32524
83 120 24417
83 133 36950
83 147 44653
83 185 18902
83 193 36920
83 211 26268
83 220 21672
83 221 60248
83 228 22280
83 234 47513
83 246 52191
83 248 11806
84 86 65438
84 87 31290
84 117 31816
84 169 57045
84 247 55407
85 92 28872
85 131 22413
85 158 44097
85 201 11155
86 103 14389
86 119 13571
86 141 54672
86 153 27738
86 160 46052
86 168 65210
86 178 19711
86 189 66213
86 218 21517
87 92 49058
87 98 28034
87 131 16446
87 155 48097
87 158 53667
87 205 41572
87 216 22201
88 111 37077
88 127 57359
88 135 24417
88 144 64820
88 202 17291
88 229 50725
89 117 50444
89 139 46127
89 162 52616
89 169 57173
89 206 59594
89 228 15933
89 242 30514
89 243 29529
90 131 15982
90 179 43002
90 187 26049
90 201 38361
90 216 41170
91 132 47767
91 147 28807
91 167 37086
91 183 49027
91 228 58335
91 235 14976
92 102 58044
92 108 17936
92 137 62956
92 148 46558
92 165 67571
92 191 21186
92 194 31411
92 199 30499
92 220 30914
92 234 34988
92 243 61665
93 99 25721
93 102 60872
93 104 68547
93 122 10019
93 130 33324
93 139 49483
93 169 52679
93 171 57774
93 172 14772
93 176 42412
93 183 22994
93 229 64819
93 247 54430
94 99 46021
94 122 45043
94 129 57575
94 196 63009
94 204 67685
94 210 32326
94 228 44055
94 229 66283
94 231 13656
95 126 54145
95 136 21438
95 140 14067
95 143 38221
95 145 69975
95 217 33080
95 227 49440
96 97 32892
96 113 11726
96 117 17648
96 145 27807
96 150 29282
96 166 17933
96 186 58341
96 195 48988
96 196 52888
96 247 49935
96 252 30708
97 115 47116
97 125 34010
97 128 57114
97 132 60385
97 135 59619
97 147 44789
97 154 65864
97 162 26820
97 167 20183
97 194 33716
97 228 19835
97 241 53026
97 246 14211
97 248 36219
98 102 17480
98 112 39280
98 115 11483
98 162 45690
98 185 27967
98 206 19513
98 208 11570
98 211 54697
98 221 64054
98 226 67745
98 234 35979
98 242 48336
99 141 20678
99 188 29642
100 116 26194
100 119 47433
100 132 17753
100 137 44453
100 144 69809
100 174 10107
100 178 32548
100 190 23386
100 199 29735
100 203 37305
100 222 21329
100 233 15463
100 246 36307
101 119 48318
101 155 29783
101 226 68558
102 105 53087
102 118 41106
102 121 18002
102 126 32398
102 129 66420
102 166 11883
102 181 46299
102 186 60479
102 195 35765
102 204 68504
103 124 11910
103 127 25656
103 131 35143
103 149 24946
103 160 24798
103 189 49247
103 190 20850
103 192 13410
103 205 69933
103 213 48747
103 219 54991
103 233 29597
104 112 54510
104 114 19788
104 132 15507
104 167 13226
104 211 51209
104 230 38326
104 232 69788
104 243 59820
105 113 50885
105 126 65055
105 127 26585
105 138 66968
105 143 43827
105 240 27031
106 132 22051
106 148 66558
106 154 50437
106 193 49106
106 232 37636
107 133 45383
107 167 53927
107 202 38583
107 206 54319
107 228 65496
107 242 35929
107 246 22100
108 150 64551
108 172 63645
108 176 10790
108 196 18817
109 128 55500
109 132 59835
109 183 36302
109 232 62554
109 243 47900
110 150 54660
110 229 39426
110 231 18851
110 250 51639
111 119 25241
111 126 69505
111 141 30426
111 153 15695
111 170 24374
111 178 63426
111 180 15383
111 223 19313
111 225 69982
112 116 43691
112 124 54287
112 127 34336
112 131 36639
112 135 21040
112 141 22958
112 174 40461
112 178 11561
112 202 42520
112 205 43985
112 214 19331
112 216 51202
112 233 18940
113 123 49694
113 132 13406
113 165 68259
113 167 48971
113 191 45792
113 228 44906
113 242 52999
113 248 52143
114 141 22284
114 158 11093
114 168 57704
114 178 12771
114 184 27017
114 214 37756
114 245 50873
114 251 18660
115 140 53515
115 146 38897
115 152 27151
115 156 52738
115 197 33154
115 223 60939
115 239 33301
116 119 15915
116 180 53586
116 247 47711
117 136 56780
117 140 68512
117 153 51766
117 157 69379
117 160 65677
117 163 16400
117 168 37325
117 170 35059
117 175 51779
117 190 10514
117 205 37437
117 213 31380
117 218 63513
117 233 40329
117 251 39049
118 125 12588
118 133 15244
118 147 59787
118 151 47514
118 165 64234
118 185 40409
118 244 15543
119 162 44185
119 167 34678
119 181 30473
119 183 35824
119 193 41818
119 215 69406
119 228 54461
119 232 27428
120 135 53163
120 138 13303
120 177 61470
120 202 65628
120 214 24235
120 241 13592
121 127 50380
121 149 66686
121 156 49564
121 180 67355
121 188 26953
121 205 29978
121 207 13033
121 213 26278
121 224 51472
121 233 16410
121 240 59850
122 124 12999
122 134 25746
122 146 31806
122 188 41708
122 214 24534
122 223 66383
122 224 28547
122 237 31113
123 124 13613
123 155 62584
123 188 20855
123 189 26397
123 202 29164
123 216 24833
123 224 52667
123 225 36746
124 133 43058
124 151 60520
124 155 32625
124 185 36912
124 203 23835
124 248 35425
125 143 21192
125 156 64375
125 223 48609
126 130 22374
126 132 42307
126 162 51312
126 167 49432
126 181 66398
126 209 68694
126 221 40391
126 228 26423
126 243 19193
127 128 62375
127 171 55081
127 181 59064
127 196 13540
127 198 64525
127 247 14242
128 137 18578
128 147 27441
128 165 10636
128 208 25364
128 230 57676
129 171 31209
129 212 26005
129 243 28040
130 137 54019
130 139 41340
130 151 45651
130 194 46969
130 209 44469
130 220 17017
130 226 47329
130 235 17270
130 242 30421
130 248 33649
131 134 19977
131 157 42850
131 160 37612
131 168 39399
131 180 43438
131 214 42118
131 218 30098
131 219 64617
131 249 49943
132 137 16825
132 165 34540
132 208 29398
132 209 69848
132 220 32808
132 221 38047
132 226 64234
132 246 13400
132 248 43599
133 139 51996
133 165 23791
133 206 27921
133 209 56747
133 226 37510
133 230 38961
133 248 27624
134 217 14261
134 252 50165
135 182 53913
135 188 54427
135 218 26916
135 229 17127
135 233 52608
135 237 54851
136 137 47658
136 234 14927
136 244 37674
136 245 11909
136 246 52480
136 248 50103
137 146 24355
137 224 10985
137 227 54088
138 145 55109
138 207 24495
138 217 16751
138 223 37550
139 151 44168
139 165 16467
139 168 52034
139 226 44491
139 232 19228
139 233 37316
140 148 43237
140 171 62347
140 206 45548
140 211 61924
140 242 42133
140 248 52985
141 147 21839
141 154 63251
141 194 31178
141 195 61360
141 196 34767
141 215 31455
141 221 21101
141 228 27990
142 238 19359
143 178 14151
143 184 57165
143 238 60339
143 244 27408
144 162 67258
144 182 46435
144 199 63808
144 208 42902
144 218 10685
144 244 50874
144 246 44295
145 150 50540
145 160 37002
145 162 57541
145 164 53693
145 173 38855
145 182 23340
145 195 47852
146 162 15911
146 168 41995
146 202 53493
146 215 55749
146 222 19138
146 232 55682
147 157 51697
147 166 61076
147 170 40310
147 179 54395
147 214 35060
147 218 28937
147 219 56197
148 171 29700
148 176 40833
148 210 38880
148 212 53937
148 250 17525
149 179 38585
149 187 44966
149 201 45659
150 160 12739
150 163 11487
150 198 31932
150 207 56072
150 217 60153
151 172 16721
151 174 35128
151 218 52965
151 247 34260
151 249 63415
151 252 39704
152 187 53490
152 188 45365
152 216 17705
152 251 44885
153 167 11635
153 238 57432
153 248 40947
154 209 62487
154 226 24153
154 233 27648
155 164 17610
155 166 64100
155 173 60211
155 186 22659
155 224 50331
155 252 63068
156 227 47894
157 163 11745
157 186 47356
157 252 14294
158 160 20582
158 163 44466
158 174 50814
158 177 22441
158 188 50490
158 207 47115
158 219 39722
158 233 59217
158 251 48130
159 194 53525
159 215 36414
159 220 14135
159 232 49764
160 182 47247
160 190 46764
160 199 25585
160 202 52054
160 214 11548
160 216 34246
160 222 11473
160 225 52086
160 241 40230
161 167 64390
161 215 34359
161 226 26266
161 230 45424
161 232 40161
162 173 52105
162 191 17019
162 196 39401
163 224 31281
163 239 31768
164 175 27420
164 180 39812
164 190 27100
164 205 14420
164 219 38808
164 223 16496
164 236 21573
165 174 36787
165 178 19788
165 192 45962
165 201 69645
165 203 24709
165 216 18464
165 225 40380
165 241 57242
166 224 34431
167 224 13708
167 237 49601
168 184 41658
168 187 36525
168 189 42235
169 204 56855
169 210 29097
169 231 19201
169 250 65971
170 183 56370
170 199 60814
170 200 38795
170 228 30726
171 179 61580
171 201 18357
171 205 59438
172 196 38643
172 208 29710
172 209 14422
172 230 52475
172 242 65514
172 246 30691
172 248 27293
173 204 35007
174 178 12280
174 179 16143
174 184 48675
174 189 16897
174 202 32325
174 213 49134
174 218 23010
174 251 45461
175 180 48125
175 214 57289
175 218 64269
175 219 26562
175 223 10405
175 224 68854
175 233 51655
175 247 59924
176 194 16669
176 200 68874
176 221 31231
176 235 36074
176 246 57141
176 248 15372
177 179 65966
177 180 34468
177 188 52983
177 197 51003
177 219 35231
177 223 46289
177 224 41235
177 233 45068
177 239 53513
177 251 50903
178 197 65817
178 236 17023
178 240 34570
179 204 49434
179 213 36085
179 241 40996
179 247 32287
180 236 37548
181 214 25326
181 225 45304
181 233 34716
181 251 59588
182 196 22450
182 204 41971
182 229 35683
183 196 11705
183 198 68365
183 237 55329
184 194 50631
184 209 48509
184 228 10607
184 243 53035
185 191 16319
185 206 29669
185 208 54762
185 215 27953
185 221 31419
185 235 24876
186 188 20550
186 216 46404
186 233 11825
186 251 61482
187 198 62999
187 212 64646
187 222 25641
188 247 45543
189 201 23743
189 233 52532
189 246 37457
189 249 25830
190 202 13563
190 213 25409
191 200 36219
191 206 52060
191 232 26028
191 238 64137
191 248 61357
193 200 32117
193 226 39368
193 235 60947
193 238 41386
194 211 31620
194 215 32121
194 221 22993
194 230 42575
194 242 14236
195 217 27058
195 237 65757
195 239 12869
196 212 59344
197 198 52471
197 223 53506
198 199 36804
198 202 66210
198 214 33491
198 218 63748
198 222 33835
198 249 42760
200 228 39995
200 242 41576
201 206 38940
201 218 35005
201 221 57079
201 229 41811
201 247 31375
202 205 45998
202 251 46426
203 213 21313
203 214 43409
203 224 61706
203 225 17420
204 224 68467
204 225 58499
204 227 56659
204 233 14195
205 209 40251
205 218 51360
205 219 60206
205 229 13773
205 237 20506
206 218 19937
206 223 18426
206 224 52225
206 237 43588
206 251 36298
207 215 26467
207 220 58488
207 221 63562
207 222 63541
207 228 60685
207 235 15274
208 212 45796
209 244 52392
210 218 63380
210 219 44322
210 229 33452
210 233 40763
210 247 56920
210 252 10864
211 245 55939
212 229 44447
213 226 11700
213 234 69782
213 235 38139
213 244 41877
214 234 16567
214 244 64740
214 246 16604
214 248 50874
215 233 68067
215 245 35162
216 245 32123
217 226 39070
217 230 35522
217 234 46276
217 235 11725
218 228 25412
218 229 65226
220 247 30423
221 224 53530
221 227 21676
221 252 52993
222 246 67087
222 247 33075
223 225 47533
223 245 34199
224 241 64595
226 241 35373
227 236 22684
227 237 32746
229 245 47816
229 246 64001
229 248 42745
230 251 54611
231 241 64695
232 234 23959
232 244 27657
232 248 68154
233 252 18714
234 242 41086
234 243 40888
234 247 25736
235 246 46427
237 241 18712
237 245 33707
238 239 53525
240 242 15932
247 248 18610
247 249 54499
248 249 37686
250 252 23362
